11220
1288
11094
12433
12222
5109
19479
4041
1389
2782
9813
8160
20196
27398
6762
13519
10454
9535
16173
29318
27978
18332
21810
1720
12825
13673
22971
3009
11259
2953
6174
28832
4241
17269
11265
22815
28730
745
3208
119
3527
13021
8279
75
16772
21393
13595
27226
7281
6120
2897
5259
24452
24707
13331
7277
8380
6302
16638
25991
9255
22813
24823
19848
16434
12441
12664
15164
19538
15872
15283
23065
28894
29915
29493
15666
21308
19440
19244
4941
25560
22141
10200
26364
23200
29883
9993
1580
6185
26631
3924
21792
19444
5099
11641
5878
17540
657
27394
7078
16529
12678
6496
21775
18945
5989
13793
10253
25429
3038
15195
27341
25179
1747
23705
18380
1631
3698
26312
14168
329
236
12313
19774
11688
23954
2004
29228
963
29399
6307
23844
18429
19155
15620
7374
1496
5765
23979
3277
8803
15526
618
3983
23626
24323
28715
25257
4373
25027
15777
4702
1616
28090
828
13304
28396
9185
18884
29359
14936
1543
23204
9717
20698
15176
17091
22194
20941
17422
25471
6097
9301
2441
10080
2927
26764
15147
4536
7489
16526
20313
18544
18142
24756
19372
7798
23152
4909
26683
28864
19845
4578
22068
29562
25277
13596
23005
23823
10889
10428
25647
16986
19729
28088
3418
29008
1205
18565
3544
8694
5092
23857
27238
29586
24965
22963
13737
18118
27872
16772
16982
17718
21350
15402
23632
22979
28998
16638
16803
9887
3418
12450
3226
29499
16890
6644
28507
18095
1562
2051
26790
6654
2260
380
12592
27226
23343
2681
21696
27568
25805
8678
21638
17156
432
15270
16487
5782
8260
9642
22021
18030
28444
25247
17529
15335
1892
16036
3430
3454
24439
6572
16460
3052
13305
5404
6630
13000
14438
28326
10568
10243
13356
8558
27399
13788
23829
20239
25922
8441
29881
17943
26472
28326
13191
20353
13661
21435
6390
23443
1241
7181
6368
24053
10233
19673
5809
16863
9025
20247
21541
19594
491
4897
28152
4242
25037
28333
24481
20959
13127
24363
15255
9599
29041
28446
29952
19054
26233
12694
18849
27474
26228
25217
27879
6461
21242
3688
29677
268
23936
21218
26214
24427
2468
718
5021
3857
5404
29503
1169
18531
218
16424
4482
29259
14870
10786
24665
17455
29833
13514
21281
26061
15084
19160
8874
6326
22848
14903
12946
23136
12474
15512
23915
14942
22583
28937
25151
27987
28440
26320
22870
28658
12744
3704
4269
3966
20842
5286
27773
20675
18800
19054
23088
3884
8214
8315
16563
7415
23218
5861
6903
5692
21374
819
26986
13957
29756
22138
11944
28196
24810
11166
3206
13907
14870
13827
17873
12064
19113
21999
2740
14265
11053
2180
24502
25620
10495
11065
9387
10066
16926
16290
15758
14652
17109
19097
28609
16865
17587
16905
21413
12397
28071
971
2656
19293
14798
26882
1358
10263
18881
10450
881
29934
18982
25383
25554
5830
12800
11293
15896
29726
27584
1654
14379
14693
27103
19340
7911
14690
6246
29324
3440
10669
6648
6096
6315
27798
2978
7673
14414
21859
24475
15295
28146
13457
10678
52
19287
29830
11346
11535
29556
8930
13190
20287
29975
16645
15980
7886
1336
22226
13563
11128
9247
26563
17224
15562
24361
26555
29587
8775
18414
414
24070
16560
13872
11100
16613
9511
10930
27959
21047
16839
13241
10589
13478
13216
27234
29458
27455
4922
28036
17370
16050
7284
13933
9627
29198
8294
6182
28786
23422
948
29200
17492
17509
19424
4945
10474
5288
15875
14785
2687
2714
4378
13276
22545
23946
16862
22003
21401
28137
26392
15123
20539
10028
29056
166
9226
13703
12700
14364
7125
13649
19917
969
7510
9341
5914
24336
20981
21790
15473
23668
856
19851
13296
23401
13797
6511
21757
5199
11000
18149
26674
1539
28177
25731
8058
13755
15786
27110
28120
22911
10759
18037
232
24621
3730
6147
18957
1064
27937
4430
24732
5145
24281
14381
4899
14431
20892
26656
25982
1892
21157
22656
3431
25686
24739
17841
9441
10525
14952
13913
9788
2063
8302
10021
26685
18385
16168
21994
19449
20457
26425
14181
25602
27058
28562
6853
17841
25806
3509
13823
27698
1018
6480
7482
26704
1219
1675
12498
18097
16627
26411
27885
18691
11066
7906
21728
29451
426
13722
18900
20883
16499
9433
22838
19910
14348
6043
7751
10154
9553
27927
14205
16923
4407
21687
13628
11978
29714
2478
75
16342
5241
4313
11385
16307
18571
9465
15758
18998
23187
11010
16233
16039
26796
15423
12301
11144
21467
20052
27650
7372
24331
11855
24295
28738
9894
14275
17069
9609
16753
23496
2303
21995
27809
13688
14654
22733
23153
6765
11731
22692
17775
4316
15083
14571
26092
27384
2067
23911
17437
29718
1283
18120
11573
1930
16859
27820
22558
10280
7429
15663
3776
9732
14010
7938
29772
28665
671
29277
5430
18754
21969
29557
23070
7053
14129
25514
4437
16196
19425
28226
22266
27060
16347
3840
5343
9558
1660
27901
26190
15441
13564
29966
1525
27575
7904
1297
26240
14927
6926
8022
3681
28895
7579
3104
12300
28060
28618
23090
14257
24396
27668
12875
27808
20367
16715
3151
6277
24727
1052
2467
16520
14617
8786
18045
18544
16690
25694
14784
7970
2620
29158
11651
7868
6737
21107
26520
4798
26078
19610
25407
20474
23631
8282
18282
13998
1350
21434
26628
2429
28838
29095
18950
19807
7881
13347
8351
924
15394
29487
8894
24366
28645
26897
2234
5383
18005
5107
16533
14083
1069
18292
10909
24700
26574
5543
15051
4276
3329
11679
6706
2168
17126
2008
21975
1360
21707
327
2284
13453
29814
17530
7820
4812
20779
16406
16547
8784
21513
3080
29219
22583
27724
10128
17283
24298
22024
8686
4927
25353
26717
17985
27521
13844
26345
19497
15204
18052
26176
23840
1506
2342
17722
15678
7154
8501
2084
53
23638
23598
9485
22857
16181
7209
9338
9816
7860
1362
24855
12787
26715
21572
772
589
11768
27117
26438
3324
21521
22614
27164
29379
1308
21238
15057
8463
29740
17142
14868
23378
17092
24354
22587
9625
1563
8277
25793
9423
9639
20648
22210
12707
18573
29334
19648
341
26451
16086
3666
17973
15052
7182
23704
16360
28421
8762
1175
4513
25904
16044
4243
19348
10398
26830
28973
11961
5108
24766
27737
21099
15415
26299
10158
3988
25634
29806
10681
22085
22244
20699
16410
7296
27882
10115
23657
2655
25229
24832
7168
27485
10876
17763
16833
27626
14593
15806
15940
26053
10572
13677
23505
2339
9976
10015
12679
5610
16174
23361
4048
8418
14060
26810
15715
18294
13277
15724
27301
8506
16908
10821
5991
27785
28584
22824
1763
19530
14982
17703
15583
25555
1380
15440
4246
11357
25456
23278
23319
11630
16639
27367
20048
7051
530
12115
1698
13807
4191
28999
22314
21100
16173
4657
25237
14757
27482
27000
4287
12464
14704
26223
14371
22436
11663
24970
10145
7119
18248
3465
18749
11239
7184
15150
24642
7714
3617
26340
27874
14161
1692
26540
5261
24217
1197
498
8974
28679
3850
19614
17496
18554
15837
8219
17343
27500
9541
27488
4620
27789
7305
29721
9028
14490
21223
10023
28556
1193
12715
2782
15354
20759
29322
20615
14976
520
27465
23951
5551
1315
13565
29399
26222
5754
7619
13565
3254
17160
17405
14226
21302
24711
20300
6682
15553
11523
16705
20461
19068
29421
23244
4422
20180
22566
1389
11509
23086
28854
5460
28638
6522
25377
28037
9096
1131
12008
29013
10737
5521
16418
24964
3175
17481
15264
9857
3034
3139
2915
23496
22208
8688
16740
26630
5220
9306
4372
16729
8745
9578
28541
7383
16100
23918
11772
1548
1401
133
6913
12139
5654
29684
13455
8829
17165
28719
25038
26552
8210
27953
26400
418
12993
13140
3401
18214
28798
7773
4943
13895
17351
3485
27630
9804
3755
9403
17704
11509
15888
24618
0
21542
24302
13455
6723
11467
18526
8113
14371
26736
12419
10771
3507
25412
263
6908
13626
5414
21033
24922
19309
14736
28407
16940
24540
8514
2695
18597
26375
18583
13215
26375
10125
7517
16182
23200
25336
4708
1313
9708
7797
20084
26831
17656
15497
27095
24564
29123
2509
21949
24045
21818
6685
28804
15110
7578
13671
17805
26175
10046
6388
15742
12774
22865
23259
28956
22417
24947
10017
83
11007
24166
20167
7839
11822
5664
4934
12738
4788
13795
11039
5185
11965
17724
10342
27076
1654
365
14881
27829
10411
21270
13571
29537
20487
13182
4846
12905
14482
14863
12988
25489
15381
3155
9680
3555
8820
20966
22645
19960
4761
3684
1497
16727
21408
18191
20155
29415
18556
5036
3596
5320
2658
23520
4857
23146
6702
9703
6051
27536
918
25391
29378
22651
28546
9058
26206
13718
25
18851
10030
11138
28887
11528
4217
26648
29719
24372
26063
18276
5761
29659
29948
8419
23179
4805
1565
6234
20861
13968
3770
28131
15711
3148
27135
14258
18559
29693
4328
24936
24897
14359
12426
23784
2239
16644
20432
1958
17368
16495
26586
23129
22507
26534
1549
15686
7692
9466
21920
4905
29787
2043
9388
15498
11543
12875
6108
6454
12569
16789
1390
7466
1148
13817
1250
3387
6813
28035
11697
24181
20882
14636
23663
13389
17522
25212
29076
1566
11030
27348
6471
10817
5743
22212
2668
23639
5087
15128
93
24008
1917
1484
7826
3065
21653
9077
12804
4818
13464
24502
5351
4346
15490
29014
17736
3012
578
23164
4579
11609
26864
17402
28778
2608
9614
1446
2599
21054
22927
2692
21414
24844
10528
29241
4262
8533
14670
23418
13351
28134
24272
18703
8832
9762
24069
26568
12775
24648
26084
17354
6257
29301
4756
5035
8261
20723
12834
10860
18129
5761
13552
9543
6957
24081
15136
11219
2614
29806
4638
22318
27940
28910
11021
6773
8673
11442
9693
27800
6090
12130
15154
18699
11431
26262
87
19692
23337
19273
552
11466
1386
14104
27362
8343
14537
12498
25915
17152
12305
553
9470
16597
5815
26843
29722
20840
14637
15768
18640
20728
27898
10146
15779
15681
12761
15866
5373
6098
11491
12277
17565
12877
26381
14927
21221
17271
3777
17136
4423
16082
24041
20245
9032
6208
23440
15106
27049
14429
874
22041
11509
5124
8540
27289
20805
21301
19507
26178
27399
999
8455
21316
20228
11189
6243
11449
28460
16373
4937
9235
8807
28978
5832
17839
5187
5624
2946
8588
20053
10172
6981
1563
15297
15521
5204
6102
13174
1063
8633
10574
2062
23440
1890
28643
4629
14486
10092
9441
859
21382
25028
16018
20360
7212
3858
1899
12836
13156
16839
9242
29680
173
17157
14977
15694
28713
27432
28869
29776
6065
15795
8191
29505
24037
6834
10487
8523
23278
26280
15734
14660
21309
1753
5021
28521
11963
13272
17710
1471
6464
26952
1151
6637
20461
16129
28683
19174
19913
3904
18950
25978
26051
27141
1835
20089
10327
18674
28612
3606
14955
20699
18266
12616
28804
29639
17489
10767
19264
5199
18590
25728
8503
19741
8717
28964
12222
7400
24490
2135
17657
13441
4465
13708
16934
12653
3797
27262
1327
8762
7220
22634
5813
25486
5250
4617
25126
22740
21736
14390
27939
10326
16470
12795
6419
25187
11759
24994
8939
12602
3481
26596
26043
7947
16657
19329
26952
20454
22943
28279
5568
163
20914
11381
25650
26164
22350
27128
25256
14086
17870
23196
764
4340
12343
7184
5879
24102
8530
21170
6704
12011
24119
9099
26310
10776
4781
23262
7582
27724
21542
19503
4240
18808
884
6242
21324
23235
3370
16581
13673
21240
16129
14438
1932
28472
27974
14163
28926
6504
5333
11983
24867
29452
21082
21178
16580
2215
20792
24163
29940
18686
13666
10532
7494
20902
16774
5171
14137
20144
21752
4163
17736
7881
18601
26020
6353
16575
10183
11631
29431
15516
23614
24298
21321
21049
21828
7901
23264
12621
8416
29556
7659
22082
10088
15154
19337
26862
20325
3474
23358
18429
13989
17446
26310
2590
13466
9015
25517
23649
26998
24948
15518
20613
25599
13191
11662
17427
21092
11278
6400
29509
17187
14060
27943
27275
5566
17280
490
2243
27107
200
20672
11096
17647
23334
13687
7465
8701
9204
7467
5699
10505
22985
26312
6104
6176
14326
23531
3620
1957
6284
3129
19144
20344
7425
22771
2262
24705
29613
4505
21812
29814
1529
2909
23813
24863
22948
1278
9916
8504
8745
15615
19009
8082
18280
1465
20610
8958
24997
24231
17267
7633
3712
6411
27977
11137
29183
239
5843
28796
11096
4007
4962
12625
13268
28775
13840
6216
54
108
21073
15151
22075
10082
23234
16707
11548
13844
25666
12897
14427
19285
26882
18140
25697
24859
29277
1232
1450
11472
6380
18898
15480
11343
7875
28748
16470
21715
11317
22876
28175
2390
8028
20250
18824
7614
6958
6724
27810
8976
19621
12238
28261
16503
6730
310
17714
12359
1542
25516
23832
14275
14414
9312
1970
22289
14412
18440
20356
25729
17669
18531
28119
25697
8782
16944
9663
22092
23668
13825
1068
19642
2415
5681
12497
9145
5992
6564
21505
13886
2080
15337
28161
22847
1001
131
21488
15413
24924
18197
17495
12593
6728
15614
14642
21862
8910
24305
13954
8931
14482
21374
4925
16898
27056
17422
2395
9400
338
23900
23286
8771
15589
21448
1618
22942
21579
29458
14708
22855
17655
2203
5448
736
17817
20090
22598
3080
20747
12905
12011
5230
10631
16936
22128
14039
10710
24523
23439
11049
24776
16726
19820
16717
8174
27790
9660
6105
3600
24368
28961
21256
26571
4409
21992
20740
852
20942
172
21599
10199
12183
26829
20831
5471
18957
4870
16182
19833
28310
3583
14609
21388
23403
1326
29562
27545
17338
12019
1145
18058
17332
28753
20981
28094
27097
11722
28946
18040
11894
20545
4591
430
23727
25422
5901
19036
6645
28435
8869
11307
2018
29830
2695
1773
7509
8609
29318
24847
20628
6816
19258
14313
5569
10239
12407
2667
21961
17705
20707
10208
14602
25298
16990
8329
27073
22891
27366
10070
21327
12587
21377
29697
12418
24072
1471
19927
2681
789
21126
29661
7605
10384
13974
19527
20624
2733
22194
18937
20438
19253
5497
5041
20903
22487
19722
17976
21731
23440
4398
19410
6028
25775
19107
18446
19847
20578
14725
28880
27720
12203
28542
11677
28940
12516
1204
25916
21602
23398
14853
12040
19003
26703
23433
9907
19190
19508
4235
17273
12948
8634
6683
18976
4409
25791
13774
609
22721
4851
29489
26793
17055
4383
8471
15995
23252
16027
18263
14854
15778
3116
26894
4781
6171
26680
14688
1714
16188
25276
18987
29136
10262
25671
24465
14671
27814
8239
21632
26887
13091
27474
23681
6498
1857
2152
22493
25109
24531
10756
9963
10309
20224
13210
15091
2748
16242
6131
4462
8782
7759
23449
7918
18021
25472
8735
2693
23286
16975
677
20174
6418
28151
20207
12916
9
22359
11761
1470
16890
28869
17786
3552
25445
996
18643
28193
23590
1126
2655
2372
8886
2457
16642
26907
27929
25378
5952
27568
18705
6630
24094
25123
11133
14301
14391
11142
13012
26152
18965
6254
1373
6751
9806
26818
14099
4801
25012
7689
5928
4019
10061
14814
6476
26703
11721
4406
28433
24026
8326
17138
656
2420
18613
11789
16721
3004
29284
6085
5508
18249
12339
6881
25000
22146
3700
9099
26947
28712
23140
9227
9083
3201
24041
15560
6256
12115
26318
4690
6141
4644
28180
13149
13416
16794
24938
6489
19798
574
12574
25307
18823
1265
8540
20175
23411
12240
5626
26711
17304
28766
12290
26388
1967
12684
18300
14576
24799
14618
19266
7292
25614
23798
20441
9030
10592
21731
21871
6743
22306
4445
8402
17481
5710
16942
7657
5474
29183
13283
8537
22839
12050
27179
19227
20369
9863
7527
4945
4662
28497
563
18306
463
24362
8747
15845
11306
479
7716
18049
29137
18513
26451
16618
576
13394
24275
12402
18929
13911
27291
11768
2313
24470
7348
22682
4334
21227
3980
15348
26077
10895
3655
26540
11609
18754
12386
29268
19233
26454
17317
24722
14968
20121
11341
21896
9867
11968
4298
28796
25879
1589
16916
28192
2411
616
27227
6745
21844
7559
28446
17921
24806
2101
20813
12768
27207
3199
12036
22793
6006
5705
17515
20974
25826
28856
12870
5693
17177
23520
10841
13056
1461
27758
17601
3872
4726
21180
16970
26570
5091
15416
20843
6249
23869
11657
19017
21076
21208
7405
13869
27214
13111
7737
24540
15289
12945
13762
20983
122
7282
8176
13179
8743
12286
7132
18968
17013
4664
12290
13583
9755
27706
10779
16004
27927
22436
11374
25355
13644
18779
15577
17211
1890
23314
11751
17180
12611
25514
14515
12734
9148
22691
2265
24244
4978
9397
13212
28343
14061
25502
18278
168
29560
29057
16172
3839
21493
27546
5546
11490
16326
21123
28701
24568
20789
16804
18100
3401
12318
8967
16135
21467
1659
24752
15711
12989
4149
5275
11332
24562
777
29610
24730
6689
5020
17254
10528
26513
14801
16074
14355
7479
13550
19408
8399
10691
6213
26500
20444
18531
5467
12931
16350
13478
7683
8413
2819
11832
13688
20503
12746
20817
26466
7476
27506
1486
1083
14386
4351
22236
6813
18707
29715
26715
8115
14466
7406
20680
17318
27851
9212
29138
10782
1914
18968
18466
10328
21788
6650
368
18643
25749
21186
15109
9577
25044
22947
10660
9431
27299
2896
22596
22358
8963
19311
473
23430
26717
21154
10748
920
6718
16238
18055
14984
5207
12873
25312
26995
19523
25681
15638
21624
23219
7100
1202
18263
47
11862
4046
3698
14759
26642
26056
23722
15953
2882
23504
19023
388
10605
26295
7106
26843
14350
22090
2050
27223
23755
5397
23099
25788
27388
14723
19007
4488
15925
7270
10887
4140
17669
14586
25251
14311
10642
25325
6617
13524
18830
1992
13912
29435
28287
27370
2630
12638
25813
11033
16213
19568
16430
9312
21708
13818
388
10715
24658
22665
24337
5546
26805
12006
20132
22056
2670
7126
17382
9287
20651
12564
11279
10915
18351
15918
8286
20981
4908
4099
2014
21122
19
24797
6786
21727
8615
7174
2442
9626
6192
3131
15172
9349
21490
11656
7758
24160
18782
25140
9799
15785
14056
21078
26701
2407
13348
4987
29740
18257
15438
8107
9379
15457
2904
22517
7184
17871
29692
15978
27497
12236
19109
19021
21585
10599
7029
29343
4759
25812
835
14558
17949
21243
11988
14650
23650
25337
25989
29743
13594
11427
14202
29325
26884
23458
21842
4068
11329
27886
20046
15179
10122
15508
10552
8060
26107
17582
7403
7219
19746
14591
28129
7695
5834
10118
28698
5837
11807
24687
5580
1753
6115
26134
7430
9351
19592
29272
13420
7273
3511
9818
22452
19985
25326
9357
28045
21434
26939
11801
5005
23037
26392
3134
732
2226
19604
29430
8063
7763
470
19995
9516
12937
22481
23298
22288
12073
22571
5708
19347
2434
15527
18151
22419
17205
27508
20465
8639
799
2266
19996
23836
5010
23131
24569
7236
19087
351
21652
26851
7173
17999
12719
20110
10481
6018
12399
22554
4941
24459
18253
7375
16338
6405
29794
3544
10265
26611
18535
11065
5229
8532
4901
10239
8015
5822
17476
27102
12526
15480
23953
19699
3479
13025
16162
13960
19043
28561
6515
336
23020
24768
7711
9359
7525
13857
19255
17791
16821
7790
28856
22050
16322
10109
2290
24337
15932
26118
21440
4810
11598
21745
24509
15077
4770
17023
29038
165
15584
11905
501
14957
13025
14564
668
20551
4774
19923
8342
21595
4065
13550
13645
20388
23659
15935
21077
15943
12053
18869
20753
23651
16967
21615
15081
28089
8638
14119
28255
575
2376
5108
21884
15401
19673
22552
5952
24447
18827
20646
16042
22892
4196
6039
19632
4208
21975
17062
26503
10380
5931
17257
10384
22898
15224
25465
20988
23862
15936
25595
789
18312
703
22673
3713
26728
21577
16018
27527
16756
13016
19921
16001
17213
25961
5633
27773
24288
29047
24276
11020
4979
17885
21404
4229
3109
23221
1569
3324
9157
3516
4113
3821
10572
3139
13887
13652
24716
6257
11180
11473
19273
7453
27474
12838
9766
9459
10611
4054
8507
11240
15075
19838
5477
12831
419
8587
6053
8341
18263
21562
18209
28728
1736
28781
1867
21975
12434
26584
28232
29966
14409
17505
7419
18235
6696
17186
27694
23659
27592
12553
4899
19019
8743
16729
1851
15515
25316
14256
23856
19931
5818
12065
18659
13906
17199
20527
5881
5985
23463
10465
5951
7872
27971
19722
26107
11019
13260
153
4678
10853
19059
15930
29872
27802
2659
1723
13317
27975
15979
13525
24258
28150
1943
12917
18408
25494
3444
24290
1479
3259
4755
13782
11131
9078
3504
13590
20097
16765
20096
24776
27618
9155
10706
3842
6957
19717
5566
26627
17692
27897
10152
18302
2399
18447
1219
20808
13941
11016
21450
15420
14275
2557
29202
25407
11636
9059
15349
8085
25824
5445
9213
29794
14600
26271
3636
27910
15988
15554
889
10032
19804
17393
28334
28555
5841
29554
19363
19782
10570
17165
11555
24845
19723
17109
26604
1359
26168
18306
15796
28344
23751
25010
4490
14704
27633
14479
18966
13622
6385
19855
6
26189
7248
28341
24745
13089
4247
20460
9224
14817
7626
27131
16014
27349
20592
18971
5060
23113
7277
20856
21457
7380
22218
2300
28436
26204
16779
17402
9826
23164
13609
9832
25706
20858
14525
20451
10299
18772
17263
25875
3589
24889
29358
25956
22238
19951
21279
3650
13064
4908
859
10873
18640
23077
13173
17077
25633
6304
10831
5459
5821
793
21644
1527
21651
6169
28330
8302
24942
15593
10530
4883
16835
9888
7191
9073
29839
28470
19076
12903
9730
19935
23777
28371
19364
13302
21800
14998
25959
8983
26809
1780
9776
24805
3307
7779
975
7989
16082
2269
23582
2964
13504
10417
12852
27048
25843
12692
1870
21271
1947
11601
11206
2076
9972
6922
15379
1772
21920
17690
17107
18730
19470
26884
13535
29129
4663
20862
7118
27097
29483
7052
61
19340
17470
12914
16388
19665
1958
18258
10936
3905
29859
28494
12334
16183
5416
4065
24307
27337
21755
11415
22419
11225
8299
12306
10354
19314
9521
17472
16412
15356
24524
22825
4696
18346
5739
21084
14363
14049
15695
25299
24307
21906
23793
6641
8090
29210
10706
8749
2899
2461
26516
1670
13686
4815
13976
392
482
29849
17864
23246
15206
18740
16071
19902
7087
28163
17339
21450
12212
3034
23102
6519
24940
23247
13160
9382
28809
23866
18132
1708
2679
14648
3378
16365
25816
23707
16757
26298
23556
10973
19544
8762
29714
11967
5017
13153
10130
22356
10955
22343
25390
10409
5214
20330
3657
18375
6065
2466
18593
24197
10527
21273
15197
13905
13990
11013
13964
748
13663
7521
18073
9559
22635
17787
21527
27652
7292
1657
26360
18248
352
21750
28657
5567
18433
8666
23942
24498
11133
18887
25047
28012
16512
10244
18269
503
21258
2234
1251
11273
16107
25676
20833
15094
13464
12360
12747
20756
20369
9107
15356
20722
7210
20366
26289
25643
29032
26583
26493
16517
15470
21540
14529
1983
1784
2799
8838
29394
11385
16441
10668
27492
12117
7853
12586
25581
26565
1685
22690
16934
17145
14398
7656
24355
4764
3945
26350
10149
528
29195
3018
22351
20735
23900
686
28871
3051
9524
28266
14436
25965
15286
18280
8082
29491
866
10016
26056
8904
2706
12990
26049
17104
20647
26756
28221
944
29458
14722
7825
28653
17740
176
25740
17992
7214
24611
21043
16738
29229
5479
19055
14515
111
27137
14006
978
7153
16414
16234
16211
29405
12283
9668
26404
15391
7889
27348
14849
28963
5173
19854
23055
11701
15594
11048
25267
16557
2091
12005
15787
13923
1060
6654
14034
4550
20661
21364
11703
7075
7598
27915
12832
26233
13935
9236
11624
28176
12937
2825
27139
24462
29031
20194
12516
14625
1242
7783
7535
9686
19789
23322
23609
27201
29976
13995
1751
26989
5360
19807
10417
12958
24074
23249
15544
8009
2486
27168
6185
21775
6346
9676
16237
5377
29870
28753
26355
7465
6537
3890
23503
2678
27212
17112
6231
3540
7459
14335
530
12819
4142
10947
2130
4568
4196
17674
12577
13034
21194
25114
4809
27540
4790
27399
9270
11012
26152
11977
18477
2689
15867
11980
11719
19431
5444
17951
22971
12904
2286
29853
2075
12780
10800
4205
17348
21349
28231
6277
10735
19426
1391
21897
23318
6181
19296
2588
17193
15448
14565
12023
24490
6784
355
12561
26215
5800
512
25539
25056
9150
1744
27131
21930
12545
7689
15630
10246
5920
21907
20981
25346
23298
12878
18665
5831
8526
27605
29377
23975
12171
17752
24817
18955
18107
7378
21523
259
14243
23414
25315
23393
25158
22447
21676
14055
6488
7306
653
12408
5566
21635
14107
5216
10865
2772
17400
25744
377
16777
26071
18900
10881
20888
14208
28988
28266
12083
29248
18861
11849
915
12255
7007
29714
10283
27415
6202
17589
28068
18611
29507
26055
2718
4724
13273
11842
22124
9017
18571
15253
5088
13824
26134
2328
28032
1474
6946
16467
722
25808
28316
7990
8063
5323
7704
24698
9090
13907
12287
7159
8870
18147
9566
11588
22871
22839
29782
21347
8208
18353
12952
19648
2177
9086
21976
6561
10560
28923
23028
17635
24731
21344
25625
9146
3020
9681
3844
12110
23588
22483
25621
2458
10630
11540
20398
9853
4379
20180
7552
18940
14886
20504
8588
17063
29590
6917
29977
16503
5840
23005
10490
6923
20702
12467
16069
23722
22148
26265
12184
22089
18748
7806
24547
5731
19346
21298
21936
77
11478
29489
25369
2716
19993
10310
26132
25936
17227
26109
18791
29419
19114
29281
6342
16168
18100
28763
9890
10248
25028
22075
2337
20128
6233
3237
2211
25579
24535
24148
2008
12365
23637
27378
15082
19982
7688
11214
15918
1267
13675
4709
686
9141
10342
7028
25310
4794
5791
5200
15043
7171
3627
23732
3651
9860
3321
5863
11791
27856
6363
13800
16574
6352
17530
8008
26334
1570
25574
18605
2837
9249
29666
3523
18390
10009
16903
20052
21155
22694
1605
6198
6217
5232
6283
16220
21445
9604
28435
3236
13813
4798
23388
387
11150
10918
14747
7485
18840
10321
26090
21677
19570
25756
25200
14312
12117
12103
10717
3273
11149
12322
15823
23718
17554
28458
9939
8999
8063
8374
18588
28228
19525
11976
4967
675
29247
19714
14512
18087
35
16954
9765
25957
19063
11317
16621
7532
29773
27338
10805
17274
9660
2981
17345
3567
7791
3636
18918
22206
18362
7506
20434
7887
19483
25401
14915
25082
21467
29427
13169
27854
16382
29286
23811
11797
16956
16785
19329
23081
14123
6487
16707
136
9468
4052
3703
17259
7688
28973
15818
26051
6480
6252
10290
2315
8006
25205
27397
29473
24633
16918
3680
17367
22557
3843
29164
15865
20628
18493
8946
4752
24980
25653
11240
10800
29706
21295
4412
13746
20268
20230
16149
26748
2834
26440
5415
10840
21645
9164
16666
22630
26083
20346
16349
24992
24189
15513
10857
21170
10359
19803
25922
11691
21808
13514
22492
27866
4809
3256
11613
25077
23486
27762
28178
26320
24202
3593
13513
22200
19110
6531
14830
15193
3229
1180
16537
27418
23045
27394
24940
3404
23549
20862
21448
21709
10728
13940
19576
15537
23548
1189
10615
23386
5303
15145
19706
5858
25090
9571
4410
14200
16102
25592
5745
19331
26772
22282
23102
26170
26028
18042
5926
19577
15257
27374
17639
2337
17666
7215
17875
11214
14756
4842
4600
20059
19987
659
2269
21429
16582
6679
5630
2685
2272
11375
28368
5396
10010
27822
7918
6038
22217
13845
1968
13826
17571
19607
16163
5238
3174
10390
22804
17930
15232
27405
14341
11571
4416
16611
3001
20998
29642
14983
35
1914
26358
4756
13663
12720
2578
21581
18759
1147
11778
27079
21325
29350
23038
7489
4588
26212
17879
27392
14142
9464
1149
4835
21035
5565
21446
388
26564
27441
15371
26599
5707
18082
1355
19370
802
10286
17304
25913
17785
29082
29344
9111
28432
22382
22952
3020
24946
17183
6765
15440
26647
7914
20276
24035
13480
18074
24423
16396
15515
16147
12995
21223
4229
20703
16945
5031
7341
4249
7297
25126
3332
6641
10589
8116
29024
3541
11137
23970
20725
24254
15763
23724
2168
6039
24111
22000
24113
24887
8396
15981
11034
27744
7204
21615
24799
501
2998
2140
4751
10295
3618
14435
16937
14208
22551
22313
24101
10040
22635
21178
10646
8398
14903
12815
14437
9014
11167
14903
3901
25916
7236
21287
23660
20792
12902
24811
21293
15901
26951
2396
26196
6921
16831
19485
27481
15735
11798
21583
2127
4434
19113
12774
19184
10368
1941
9974
19383
13108
1229
29636
9024
8465
27276
9036
29257
10178
3847
20550
2431
7150
22947
4980
14072
16130
24465
17905
8217
12616
15840
10345
23402
4954
29471
12586
15322
1412
28912
11057
14520
141
17046
29897
8606
20674
8933
7863
7204
12781
4766
9636
26283
4065
20968
16707
26547
15433
4613
4765
4401
26805
21462
27803
8111
20933
16742
23434
22345
15654
10843
13217
22148
4241
13114
754
24915
28400
14970
2120
17533
26088
18108
13816
153
9076
524
26700
861
11489
7817
11615
8294
29279
15770
16406
20212
8864
16192
18909
871
3387
2127
23019
7629
21593
125
8896
19993
15095
17368
13878
11183
11828
27695
17688
27256
4571
20741
4470
16060
28558
16085
706
27838
1855
23464
24402
10720
9656
13312
11591
19396
21791
10962
27025
13384
11087
12273
9730
2535
29642
23608
20070
11470
27655
7759
8727
2226
28500
19549
24638
27058
5634
1697
1248
13841
25161
25651
24561
11170
15315
12504
566
7106
29818
3943
26842
10906
16216
12924
13441
22210
12885
3511
10033
10540
17622
25112
19119
16122
14661
20109
19533
20295
21806
20781
10488
23320
22784
11402
4490
8099
23906
11408
21557
23725
21703
24752
10983
14271
7676
776
6482
26913
4287
22867
13806
28262
17979
2925
20736
8992
29386
10269
5639
21193
7403
16127
20865
187
27529
1707
14639
27788
13115
12548
27865
4818
7300
8848
19089
21329
9624
1923
18242
20263
1142
2048
18525
19121
11325
9262
4465
10712
25883
10104
8257
3286
2584
29122
9826
113
829
817
27901
20296
13365
25766
1466
27018
10966
26907
18347
20590
28831
12941
10854
6325
21342
5731
1799
2667
21345
6264
19731
17229
22721
27988
20515
25305
3462
6693
25418
4291
7510
29672
939
27228
1790
2405
24246
12757
29313
18945
9699
4496
8238
26905
10821
29580
2637
12620
8600
334
25237
28331
17563
17958
26320
14431
13263
29782
21124
15033
10426
4987
14705
11365
2215
22848
20123
2813
11957
25788
28110
21656
284
6348
24914
17457
12281
27551
6430
20881
27885
1667
19212
21801
19625
21884
6232
9240
28019
3708
24273
14797
8695
15331
2514
17262
8179
22637
26427
26488
18425
24537
18144
25061
7238
13058
12519
19519
16961
25301
16752
21199
26968
5964
13000
22945
4201
25584
2185
2220
29292
2810
17017
7988
18141
19531
1602
2672
18521
28030
29160
6946
28919
23657
8360
12509
13067
20879
8380
29
16180
25132
27580
19500
7449
16932
12445
18002
12516
20982
20222
18160
23792
13591
26148
18286
9474
4103
27310
27995
8485
2823
11294
7404
26480
19654
26266
15899
16885
4646
22280
9417
6131
19860
28917
19932
13144
17714
7934
2012
8696
28156
20173
8840
18099
22673
27126
27573
26776
24437
1921
5261
3612
19567
19018
6444
9221
15284
22343
2458
26282
14624
11875
2413
10836
17144
22345
23981
4858
6631
25993
19906
11139
16166
28746
29238
8840
2225
3164
11968
26662
11437
23582
6626
1004
12600
13070
16577
4236
5413
19035
6870
26389
7262
15636
7226
24406
14333
7559
5616
20965
3552
25522
2104
26071
24268
1343
11263
26493
10859
23231
29507
22296
16813
6133
23300
5765
25555
16229
16353
969
5264
23224
27358
18878
8860
10936
13284
23193
18495
18900
14158
22048
14422
16263
24471
15042
23958
5734
11536
4817
5317
17395
27113
28483
29881
26765
4248
25436
12994
20602
26405
24610
13826
116
13488
22686
11052
3124
22231
5900
22024
6390
4300
12798
29005
28771
27840
22963
10857
15728
27780
16174
9476
1245
14657
9357
4362
18906
4793
17356
15860
7551
18318
6038
7667
1806
28724
25071
4930
27307
971
3306
3697
5271
16104
2702
10394
20296
2017
21251
12377
6149
7426
21853
7394
28435
1210
11756
17341
6003
5464
9553
13554
23782
15591
27573
1940
20667
28997
13222
17975
6320
16528
28024
17944
8984
727
28338
29281
9096
19590
18010
15246
3368
9863
28992
1803
11073
17101
25497
23428
22565
5050
13335
22700
20642
17260
992
17661
16257
14215
5636
22578
7095
3661
10522
16080
10740
15212
21713
19836
4802
9723
11434
14522
25938
10427
16326
7011
27528
11823
6791
20093
23225
20126
19145
20219
7387
20138
7881
23644
10705
19869
22574
17800
23530
9448
3880
4270
24661
1945
459
5815
18020
11893
20338
13958
22320
6664
20969
19848
24839
4113
16294
18064
24239
11791
14636
7978
1929
22517
7975
12634
12386
549
6787
12269
16350
10667
22891
11011
18965
23350
16826
6985
11596
13516
20944
10268
20180
18265
117
21371
22378
22763
15788
22970
10906
424
948
12836
22941
8923
1822
11679
15825
8609
23948
2175
25629
16840
19538
20946
16542
6364
27931
28138
26233
25227
8407
16413
13493
14876
14137
12223
13991
29925
5193
24897
349
12494
14085
29642
21417
22260
11321
13594
869
11622
15769
2850
4814
5307
23796
21356
18024
28080
25847
14257
23307
10606
7022
13152
1834
21159
25376
15825
21084
6921
17074
27785
19415
1160
27427
17185
23420
15101
7131
641
26723
22901
9844
1537
4560
3640
29245
22584
1720
1444
13193
1380
12050
20216
14532
13884
17727
9908
6061
15164
23182
23136
12949
18949
648
10377
12486
420
1830
19618
1061
28553
12519
17257
6442
23431
27250
12039
16016
28970
13484
29209
6702
1886
25777
21235
15771
13505
7495
21832
28669
677
21320
17970
25979
21968
4699
8465
22388
6529
28083
29802
11434
16954
17059
24228
10386
14309
6268
2754
19632
26104
8315
26334
27990
4093
23921
20113
23950
1417
11946
22619
2094
9618
16941
28073
1587
21641
12891
327
28170
10974
129
9605
4281
23541
3833
14667
14202
16453
23773
10186
12557
2088
6521
16900
6181
6794
7013
6483
8211
25311
5454
16658
4930
22396
14731
12869
14037
3974
13196
12207
14949
19678
28164
25582
19571
8350
16601
3773
24803
10374
13960
13713
12462
26833
613
24996
3627
13978
1479
18191
9290
6934
4849
20572
5682
25932
3441
19719
29907
22989
8278
14856
19019
6443
16790
8590
14793
3391
18716
15948
13765
9028
29661
2579
12213
6626
27575
22192
20605
5407
10383
6247
18693
15232
26819
24375
11165
260
20446
17424
29601
28724
2280
18621
5167
19070
27211
26312
28813
22279
12261
12578
1307
18274
15157
19872
24901
19085
12065
15506
844
22448
21753
19537
14033
18572
20264
1550
25184
17062
18974
24785
15786
27606
13406
27306
23028
16970
23618
21841
15601
5879
10771
16909
24154
25928
13133
25407
21365
25198
17265
22209
23999
9018
18098
8032
3942
14714
15934
5478
1776
4908
6615
17563
8866
26374
14869
1894
19696
14839
87
5297
27071
10858
28558
27577
13138
11692
22984
4504
6890
10249
3065
889
25619
21164
15273
5913
5878
7559
17743
7655
12467
24358
1570
27685
20732
16439
5931
10428
7630
6018
22078
4701
16876
20636
2278
6367
2328
1614
10871
15571
11863
13936
22812
13834
11452
8086
19747
17331
21997
7490
1338
10817
8201
2908
8502
5285
25699
14434
15714
3329
20452
14144
14383
13681
4780
16661
26400
13461
18276
7271
29032
6491
27559
21844
20326
9012
6282
16425
2695
28280
268
4033
15449
8469
13293
23951
13754
8992
8385
5820
18673
5190
19964
3056
25223
1097
26070
21623
20910
14346
5246
19942
27189
9157
18138
23867
18169
773
10293
27216
5405
16913
1249
20854
25382
14542
21157
15488
29886
29543
21309
18560
11085
17625
27968
12660
18722
24038
10635
15984
8384
15881
5926
11926
25038
417
5793
19560
7542
22438
16776
12947
9351
24378
10153
11085
15272
1310
26574
15159
7205
24235
10071
24642
11860
8039
7302
6935
2078
24289
22919
16814
10170
5198
28740
11561
5615
10886
7473
19509
9676
601
2456
19028
24979
18961
6465
10252
26623
3039
1763
3829
27274
11834
4823
15487
19873
18478
28774
21951
12767
21693
15118
22938
3243
13858
10851
8858
1096
24676
4719
10773
25277
13527
6153
20257
2488
12618
6861
29112
22010
8624
9293
25636
26810
14116
11123
16683
2594
9897
14987
15362
7943
105
14652
11186
20315
1855
26397
27764
26531
1116
8537
21808
14644
21042
18417
17132
3660
1630
22596
25670
10254
8241
21307
13416
28710
8782
100
7656
18680
21439
29370
2975
27896
20374
14161
24563
22229
10558
22327
25112
11675
7216
23273
26319
28258
18042
19803
8271
19673
18752
10293
6279
26993
7952
19696
2055
16735
26148
9712
11767
17587
9082
14742
15483
29457
28903
16398
28038
9462
8726
23151
27489
15942
22776
160
20553
10818
19963
28824
491
15067
9117
6771
12061
23422
2819
14116
10157
28967
180
28276
16554
9263
13018
8389
15072
18273
24787
13110
4087
9865
12613
1576
2160
5389
1736
22713
16208
28052
21537
16699
13119
7006
29822
1532
428
2641
22001
16937
1608
22181
15213
24514
7796
4583
2903
22868
29209
4043
12331
3296
13908
24944
11225
16068
334
19313
15133
22894
17365
6670
15945
6837
20029
15768
8369
26809
24761
370
20099
2722
28904
11664
27236
6700
16248
6492
5921
15457
10535
18252
25105
795
19548
6330
16864
26234
1996
1997
19128
19361
15020
5074
26198
11401
27194
10920
14562
21955
17642
4661
24677
16546
16326
21914
29599
8926
4758
5520
735
15293
124
2192
22440
19672
14875
15656
15907
16871
24006
5035
6232
15378
16461
8783
26779
13655
26055
17693
5611
13697
28707
6640
6596
15033
4906
6195
311
9664
11715
7398
1309
11839
9590
23750
7863
24465
9406
23770
11336
3412
5158
23921
18790
21619
9056
21921
5275
5111
9615
17238
25160
8322
23878
1756
29707
28785
7951
6370
8449
26018
13768
9759
14209
29710
3509
22073
24176
19267
15843
11864
22680
21001
5785
17822
12621
21193
9744
24248
26304
25711
11486
27817
4033
5364
29573
10092
4149
13877
16462
18951
9895
6582
28710
24105
6292
8571
16178
6820
27838
8373
18685
26870
5727
24470
14693
24700
15664
24437
18948
18320
20148
434
22489
533
12150
22063
10625
16300
12292
3439
11603
22187
16373
16665
22644
22665
1588
15174
29486
29426
23548
18171
2649
29275
18993
17342
327
11009
18131
19275
5682
14631
19709
28171
15164
8211
26586
2141
863
8878
11932
12466
1066
28305
29131
62
20970
719
15237
26808
6498
15137
21331
15499
20764
10325
2841
21091
27686
27324
16718
3368
11955
12779
1540
27119
20990
28126
5612
21854
13357
17544
4320
20775
15849
9804
20837
13171
16875
12426
9980
29725
3915
7663
15224
24679
17988
24417
22122
22027
21741
8840
25395
3696
21619
3287
7167
12610
7766
12779
4464
21123
323
15136
18250
16172
24940
9087
5696
18168
27866
22028
17893
1781
29691
3118
26461
24032
3887
24935
16059
25629
3776
17806
29325
25395
27446
6493
14357
5212
25624
18821
2687
25948
3958
20937
18472
5250
6376
24168
23418
4242
16196
17664
6024
15888
20782
8837
16272
1021
3772
2331
26650
7548
20137
2328
9296
17583
15173
23653
29147
10797
18827
8186
6745
29137
5475
1570
10739
11852
25738
4158
22446
18287
21822
4822
10527
18956
13659
26799
26329
23784
5482
22980
7684
1971
25308
16980
19555
16833
16986
25054
27630
12165
9593
10728
11302
15068
12298
22041
3272
14388
2551
2071
9027
725
6893
25906
26033
20553
22705
22363
20689
28187
21695
28373
6511
17003
21706
26066
3836
15044
27472
7818
27209
13417
18546
14863
28486
7196
6904
8110
27937
15808
10181
6964
22885
17075
9223
18919
13980
1928
17634
4669
6468
9329
9394
12979
2684
1100
15397
12872
22496
19221
20690
19705
2639
15589
4568
7477
29137
17825
15587
3426
9985
2121
16743
2870
19196
25966
28141
9528
27894
15775
14197
10714
1456
29943
45
4140
1044
21794
17012
23540
11016
14055
19598
20007
5996
518
27484
5133
18343
19423
8560
4680
21544
25303
7551
17092
21269
12044
26620
25515
27820
17169
12582
5628
17113
12627
9769
24509
4422
3133
24401
21790
23540
13999
11797
29536
14518
15633
11022
9213
11408
25934
13894
2953
27589
27797
26397
25210
9841
23018
20725
14013
10187
9659
19642
3652
22287
5763
28161
3061
8896
28915
1203
8789
12914
19352
8325
3784
4985
25699
19350
16393
21633
9596
25698
19222
7393
22096
14432
23586
15114
11510
7600
1653
21169
3594
11658
19808
9357
16171
29221
24605
15086
424
3394
4353
19776
18072
8137
1113
13771
27487
23859
5405
13435
19557
979
20828
11653
15412
14415
3119
3274
28367
11125
24443
1961
22783
14252
17670
15306
19825
12275
393
20250
22022
4746
16378
16446
19235
17492
217
23075
11351
11974
6510
7260
12954
27339
18914
4718
18106
28385
7992
16473
15862
8787
24786
14997
29391
12456
304
19217
1083
697
9467
23105
5443
2197
9551
1030
19689
16121
24105
7392
28095
616
14653
17401
27955
9919
22119
22413
8304
6463
8886
519
15251
3672
15516
14642
22480
15820
3859
23563
16517
19678
23021
28312
28228
2572
29343
24269
25045
29800
1662
29493
416
16315
16894
4723
2586
15366
27136
17242
28181
12374
17761
13432
22398
3278
4427
14878
19098
14638
8442
11968
10669
7815
16632
8897
10387
22327
3166
11785
22128
11180
11278
28896
3847
4524
3620
6433
26242
7108
23676
24424
19483
11437
14208
18233
21067
18635
3112
16518
9626
17906
4838
20295
25721
21470
5544
12460
20150
15062
24245
18630
26243
11875
23878
90
16400
27498
6524
18994
10959
200
13418
6794
17989
27627
25027
9057
22614
28139
25575
2240
22397
413
28887
18118
28235
4431
579
24737
19494
1176
19719
15737
19404
13598
15827
12156
17448
28703
1150
28407
5255
14569
5201
23245
18548
229
8654
11162
4720
10581
13403
27118
17346
18642
15236
21933
23074
22167
16671
18920
29696
6390
4657
19100
26340
26836
1256
13789
1892
2406
12196
7147
23327
23750
6744
11875
23979
21750
23038
5051
2331
12793
2169
19677
1435
23758
11611
861
22277
4634
19781
21973
17376
790
11073
13717
27627
18681
27506
5871
21088
16054
13018
20767
9804
26115
2643
10135
17865
25681
15187
20197
14826
23708
16226
22613
17466
4189
23475
9744
15175
13256
8069
2552
14047
25495
16269
18026
14176
13775
23897
11616
6181
13267
2384
15986
9382
5027
2473
27248
7060
24012
23797
21886
17721
16375
14499
11539
26917
14326
27635
12092
27583
5705
14644
17982
1200
913
6008
21728
21040
6257
3345
27222
19524
5729
19560
5259
17108
22033
2507
24168
16046
2656
22406
10119
25383
13257
21658
22300
27584
25646
4393
1519
7703
19037
25853
15255
26303
1861
6983
17343
14470
16680
14565
3994
22409
10477
9253
15869
2511
18112
16389
24909
27120
8795
5028
22504
28405
3038
14804
2341
28684
19197
10212
6387
14587
6065
21642
10890
14278
4978
28233
28748
21658
19151
9094
14068
29628
24700
6289
8491
12812
22679
3400
16285
7826
8428
8789
6231
11467
23593
14924
16503
19143
25136
22891
3730
1201
20885
14620
15479
25863
19205
20579
17522
8356
29674
7942
14337
24374
14231
22828
13538
6910
2581
29823
21089
11009
14964
27320
28828
14910
18597
15332
4053
13733
14575
14135
21287
5460
5107
13118
1324
24312
3698
18846
9021
9724
3140
23358
10450
17371
22538
23988
634
25119
164
21723
12481
21480
25395
17661
6390
13992
9345
16795
4078
23920
930
1717
5733
12389
14835
7057
6702
24885
2255
15723
10961
5395
15433
21411
29118
7971
21752
29752
9443
28268
21475
21924
19748
23223
9585
2491
7215
18931
19286
17645
19203
26569
19362
24936
8958
10550
8345
22012
5435
10600
7735
22749
22347
23168
14160
21466
7492
12264
27570
16935
10532
25398
15211
6633
18621
24796
9124
2188
20079
4762
19834
15635
1331
15548
10571
16642
26098
25269
8654
7886
12221
22742
635
4569
22262
14795
2387
29754
27060
6309
16689
13944
1707
1900
20577
26680
3049
6053
5221
29480
10816
25055
15115
18499
16955
2039
5141
13054
27308
20148
20940
9529
12890
21575
20450
5152
12722
29189
4907
16134
5499
27948
79
13558
6201
27008
16591
15602
3062
21812
21434
13878
23219
12902
2377
10174
21293
13871
23228
18601
4019
20520
4482
23261
18447
1285
28413
1170
474
9672
17304
12325
13973
23735
2236
26526
27096
18827
18480
158
10639
9914
20388
10210
22816
29117
20384
14109
19340
19965
9062
23359
16837
19897
22972
5285
21182
27738
12807
28008
7410
6463
16686
27735
199
25274
24261
3647
14101
19093
3805
1092
29008
545
11302
28176
29662
8038
18638
19003
4355
27700
18714
21193
23949
18039
26478
21483
15777
15637
19492
23187
22100
12530
27275
28651
7804
27888
2298
28257
16982
12455
5701
22342
13000
23355
20518
19015
1393
9156
14370
5749
13209
9436
3294
7158
27475
29772
28642
13252
21761
24486
12792
13861
13368
10067
12513
27524
7955
21163
25781
1289
3619
1482
23631
16619
1189
14150
11986
2582
29658
26356
14683
19219
5793
17977
26378
3268
24101
1372
22873
15862
2210
5665
6076
15578
15732
24941
19454
39
16104
15235
1329
19723
23069
24960
12695
24258
15462
1033
3192
21473
27390
24228
10692
9535
12205
13422
19155
12659
21146
12028
4873
23356
17693
10949
15286
9777
5890
4740
9817
21995
26327
17498
18070
25748
18810
7117
26358
4273
14503
29551
2098
11893
23779
12790
27780
12336
2565
16935
24995
23711
5316
29869
23420
23009
17170
15058
2787
23061
19799
18956
21408
22478
6454
15830
18227
25264
29300
14585
5889
13803
20488
7987
2048
20619
27130
6180
9308
6047
23115
10655
29758
4783
16876
29530
27793
4047
14589
6932
3460
10740
2240
24868
3218
8694
17050
27797
10310
16350
18735
16200
6505
9223
539
14905
6195
4021
21085
15503
10068
20553
26158
16179
25336
13035
15709
29481
17082
6650
12765
20542
17390
15005
21762
20609
23699
8812
24758
4010
1515
13493
26562
14372
29069
27101
29278
5264
7475
26715
20767
17543
17268
23277
10074
18957
12664
2136
18438
6098
8786
7556
2992
26177
22561
24754
23138
16261
9919
24248
26623
17786
7742
29537
8510
6811
26638
7788
12075
10465
10856
9194
28009
28124
8823
14435
23433
21488
16571
11872
27586
1710
25780
579
4239
18341
1685
27377
10954
17956
21625
7577
5742
5719
7114
20605
12530
10105
28393
957
20570
9249
16503
24931
13726
1679
9367
7159
23167
2290
25383
27105
4000
21163
4036
8239
15857
12074
11968
26811
30
9946
10741
12125
15665
24207
2730
4548
10664
7475
11857
1235
23077
4713
2518
13155
6392
18237
26666
5911
26880
28402
3016
880
19565
13405
15472
11774
25479
3792
8586
1861
13738
19327
20338
5756
19886
23068
16656
551
6896
28513
8138
29973
9578
10656
13128
15970
5246
9794
21881
2126
8196
1250
9358
4114
21007
1182
15888
22838
4975
826
24699
25065
26505
15038
7173
16392
14458
23829
16943
21354
28695
25081
27679
8273
12089
17159
596
23687
3306
28829
25813
11502
79
11524
21968
21086
12706
14209
20276
24033
21387
14976
19099
17893
6366
2624
4285
27176
26454
27580
24883
1501
29013
22562
16126
11102
16074
16722
4790
19380
15552
6955
7234
21983
24831
5555
19422
7538
19764
9698
7923
11151
1026
27022
5396
13744
29647
16033
10921
2453
13613
12156
10306
12626
11070
26432
81
27144
13155
11223
16524
5059
24530
111
27042
19362
5666
22816
26900
25430
2515
4823
12933
9893
8198
24682
23638
14197
10715
10911
16650
681
23067
3308
13307
4137
29740
19740
7634
19247
963
24158
24306
25494
24269
27701
14856
6287
20517
18108
8069
29384
29283
21003
9278
13833
22037
9268
28030
2752
20179
21032
3433
13246
24340
23093
23735
433
19185
1369
19680
20149
1880
20339
21995
26149
24392
13203
8789
21261
7663
16858
20646
13298
14213
6276
27132
6250
15544
1514
15355
12075
28899
18788
25321
23239
18233
25408
24
7419
26778
19705
3920
28658
10044
2267
1159
10788
21822
9948
2049
5837
26807
22695
19135
11020
5323
22619
23623
27219
24134
8978
9294
23033
4118
4615
22624
22352
24
22649
6123
3154
18706
16395
1812
5102
25014
9323
15890
16836
19272
17939
29025
22431
16987
18160
3451
22310
10780
3426
19530
11266
12404
5176
10651
16523
9792
9627
15227
16168
8628
27702
25674
27334
14097
27486
2436
9111
6809
24678
2299
2433
12618
1324
24864
5957
25836
4668
4619
12968
8094
501
24234
20499
5678
11237
13374
21822
20865
28601
7990
29493
2655
3664
26828
16752
7502
5616
2215
20663
295
10866
23097
19265
18542
24313
25222
14378
28981
29841
27347
13428
343
27933
10279
6021
9171
23653
4195
36
28606
18537
29529
1261
28553
2709
24365
6055
8326
2932
3070
14973
13798
2519
10590
8692
26833
5812
23070
2166
12005
26769
15594
18700
24703
2225
1073
3874
2230
5268
10262
7188
23805
9791
14801
22358
18853
9166
4765
3531
18450
7836
18504
8600
10355
29094
17292
13540
11258
10363
15707
29615
7132
7653
24668
8187
9879
25741
12061
18461
7362
22323
25650
7519
8467
10451
29878
3672
25970
10995
7203
14420
18831
2059
23021
5539
7505
10313
19079
18763
27028
11138
24730
4161
18792
19398
12348
5023
21492
762
23484
5206
29437
25486
12725
14256
5938
12603
17928
1908
29951
25131
22680
18782
27190
15701
673
4695
2367
19753
29810
29395
891
893
9908
26035
26643
28609
7410
18135
5723
895
29693
5160
26381
12419
25769
8671
25022
13697
16931
24973
15181
9612
20108
18723
1665
27133
29771
10384
23238
5933
9780
482
6826
26040
26517
9822
24649
3928
4309
372
11175
4003
11885
13908
16422
7654
22580
17796
27703
9511
19122
19236
25475
9230
7960
3493
12715
14083
13877
5954
20016
9
6436
3195
26050
2953
13017
20699
13233
17326
27424
24408
21329
9309
8317
7751
23315
7249
25548
21018
16760
21022
10255
18588
252
24567
22081
19319
8650
5958
25273
28666
5968
1709
1861
8370
4663
21230
5421
17896
8557
2845
18657
29886
18506
26974
13990
11821
4223
15890
9192
27335
6912
25799
22275
13516
20366
14356
2835
5368
26667
28109
4034
8987
29818
12248
17357
10833
3478
22778
5082
18387
25624
91
24626
20482
27065
14968
8656
7640
858
17848
11327
14122
19999
3603
3990
16717
24311
6825
22085
20978
11286
2471
6317
17457
21071
23674
28290
902
16453
9724
19289
18429
9815
20267
15263
13232
5235
23919
27224
12445
18119
14904
26567
8118
24859
557
1187
19170
13735
23272
16501
25021
2096
22818
18830
23167
22845
23473
24069
15650
3197
19711
10431
19365
9978
25694
2597
15214
25966
6174
27659
14085
21078
579
28556
15937
1136
29743
5107
21223
29368
27960
16245
1464
27131
5075
24631
19976
28548
25053
11978
8098
14764
22409
27463
1094
24455
6412
16308
20421
12586
20320
10859
3664
20899
9415
19601
28387
15510
1061
19611
21230
5373
12208
29046
2504
23635
30
28832
28536
25083
10810
12986
16199
3219
10449
17293
27675
23213
9954
18096
5800
6626
5307
15816
3877
21074
11770
2264
12937
19183
28227
4167
24556
16787
3214
27061
16775
3244
25893
15311
4679
6704
4649
20878
16275
21450
14523
13950
14663
24477
8399
26815
1103
13706
12632
4980
4781
24402
13597
17718
13585
18176
28237
14493
4964
1451
11554
21739
11047
13800
13402
15726
20504
24403
6604
13131
15853
27480
27082
6868
21957
11833
3684
29413
25539
22668
10745
6672
23422
694
742
13359
18871
28980
27852
187
431
15759
28278
17831
29559
18032
3557
26415
12435
16514
9546
28288
13994
12980
11508
12303
24813
15192
11716
20353
7860
28814
3377
7634
29508
4120
20993
24731
3100
18846
24918
9883
4605
29548
27714
4164
17580
1272
6931
15
24138
16477
4655
8132
29458
16164
20435
24271
1356
8504
20976
15569
13670
24354
23203
19530
4826
14197
14262
7926
9395
15532
17809
14000
15081
21876
24516
2661
23148
7799
2677
17286
24276
13684
1770
86
29848
28557
710
7557
7061
28038
23126
20731
28744
22681
16614
3570
13230
876
11496
22625
22760
5658
12977
7841
27534
13845
16855
27034
21644
25884
20672
22273
9568
22442
22359
9417
20999
29421
16974
4413
27460
16452
1496
26204
9133
18110
29775
22364
25338
17623
21341
18099
23281
4319
2292
20815
18164
19147
17849
9809
21383
8521
8434
952
7315
793
16721
28315
6567
3695
2728
4027
26499
10576
231
11984
28687
6358
4348
24025
23982
2042
12124
17263
6361
20769
14431
877
9916
2280
17038
1300
17154
25472
8604
24469
2618
25325
29136
9185
5372
8216
13212
1871
18793
19795
13855
17480
2506
24556
11505
26488
2950
29982
20103
9311
20751
4534
16540
7019
13167
3579
14671
6673
5403
23275
1142
8021
18600
6631
17206
23972
14847
6770
2195
3640
2918
22403
27472
5424
23311
8978
1912
26261
15312
28367
11924
12415
2902
28464
19434
22421
2043
4106
29094
7447
27381
6588
21820
22334
13219
9027
22658
4419
22149
24854
8059
25067
23609
5532
491
16920
20862
8755
19533
12526
7123
1457
24941
16377
6273
14375
15150
14669
24833
14244
28468
28567
27184
20288
20901
10404
5667
13559
14823
27817
14765
29234
29236
14726
11118
6080
7998
1980
21187
27531
14506
4662
5340
9447
21039
11614
175
6189
26283
25008
26785
24751
23575
23970
15039
20828
10726
20707
4388
1901
24876
25505
1135
464
10232
12254
6544
18230
20586
27732
15762
5093
8746
27454
20892
6138
9068
21067
18679
5351
22428
15465
102
16003
15787
21494
6832
26513
18553
17572
28414
13429
13077
5901
20245
29661
18155
26790
17892
8742
874
10006
20187
15972
7460
11079
22110
22881
8499
10790
28232
7279
26255
4687
23282
12042
26181
6466
14907
14734
390
19673
4515
19820
25574
24760
19481
20082
27902
13725
5176
5128
83
25363
21101
13896
12794
13211
6777
27645
353
11361
4924
26608
16048
4559
15002
18581
17377
6261
3315
17768
25934
14182
13940
21509
15295
9773
11591
19549
29851
23119
24678
6286
18482
22131
20182
7628
11694
3311
11626
12048
21025
16550
8656
13425
27461
11
2007
14839
6272
11674
8959
8559
25857
29251
68
17504
9024
18011
7053
8875
11130
1731
15162
5964
23862
11696
19944
5557
21360
1570
17605
12385
24473
2613
25810
21934
8976
27817
13125
15249
9492
28436
160
11701
27687
228
29205
6712
24591
6258
21939
12073
14342
7101
18037
14556
25150
14333
26465
16510
22256
14070
28895
16729
23036
1057
15015
2012
28875
4493
23613
14719
2929
23773
2772
6969
353
1977
13681
1296
14587
11972
13369
28929
25426
7758
13486
20576
22092
16303
7086
14348
374
12333
1077
29762
13390
22444
8126
18617
26937
8092
3336
6219
8217
6108
13188
14923
14437
3221
16219
5377
15193
29589
4306
10619
7347
24144
1195
29439
10448
14633
20139
17174
26966
21216
23288
10357
20013
7766
28974
16950
15858
8663
29521
428
21123
12709
15351
11913
15930
1570
17290
7476
7511
27948
18095
14859
28445
25643
20650
15245
10276
10790
8771
13595
8358
2059
23952
28371
9825
29278
21674
2036
14293
21195
8816
5417
10257
24167
17330
2539
2089
4620
10015
9601
2568
4463
812
7365
106
21462
22610
16734
8604
1381
329
16963
3440
633
21686
19618
6264
13360
28006
20557
10908
6822
2326
21165
7341
19656
56
9430
628
10072
25383
9549
20887
26195
16914
20993
24010
9525
14079
2614
17258
20761
19577
20699
27746
11264
16669
4010
976
21027
920
11884
4201
3246
9401
11542
29255
15810
27324
6235
25882
22708
22136
16769
25255
9051
14114
19265
24928
4545
21880
12186
1658
17809
9237
29405
29073
2258
9767
6402
29637
10687
24638
3838
20286
4040
21732
25893
19850
19057
8480
22084
18117
617
15205
13372
16020
5671
8990
17300
16568
7222
5838
18227
25031
15076
17632
457
23686
27399
6859
23324
14439
1497
3514
11077
11889
25247
13322
8091
20656
21802
6527
15125
22419
21732
4849
14791
3755
13839
2091
20324
21061
7930
14903
22445
29358
2535
22902
29396
6286
29761
29072
27077
1258
2587
8154
13148
4186
27828
27591
1194
19631
4119
16319
18402
2203
27520
3194
5959
17712
11637
2635
8773
25919
17538
1218
1629
26425
472
1026
9063
233
98
12493
7844
9037
26999
27344
13223
24828
24935
20769
14459
29054
7088
9213
1258
4609
18759
13569
22321
397
16204
7446
2668
10094
15017
4298
12871
15489
5324
28286
22075
11774
10779
29919
20812
14131
27263
10387
8959
22198
1157
29770
27605
14597
8983
28863
25558
4095
18784
24231
10844
11340
8030
13512
21434
23047
17810
10657
14888
29486
15295
13315
11261
2427
13234
8425
16558
16849
18812
25517
15400
19969
1639
13005
10919
16974
18220
6477
21069
7004
709
1913
18344
8739
15426
16130
8138
9588
3139
23026
9075
18434
12694
26688
27213
25928
5113
13771
19130
23925
15640
4530
20247
17279
17535
1166
4254
12107
7643
1675
19111
14704
3589
13807
23443
19015
6289
1581
4955
9428
960
14030
4214
13654
10718
7780
15934
22183
21551
5064
22461
13544
9594
12708
823
3481
20226
11429
15588
4221
13105
11051
18926
23046
1210
18721
18413
7499
26655
23368
23279
3967
7399
3846
23973
24469
11626
16259
16653
9529
21324
9114
23073
7270
28174
249
17104
24752
18030
9044
5325
7487
26448
603
533
27658
19325
18946
11510
22332
12315
11141
26299
26066
21339
26624
26887
9317
12883
19892
18847
10559
5358
18272
17830
3532
18521
11286
4636
12904
20330
9962
20391
16778
10565
27277
20789
29890
16223
8651
28574
4890
19792
24873
7308
17484
21497
10548
26801
4381
440
22000
14940
5799
10273
9122
15683
5146
26760
20320
24402
17091
282
14794
10221
10847
12071
7362
17090
4646
16013
15664
15889
12158
16890
29549
29642
14739
10097
2795
25472
10538
24796
16765
16337
11421
2239
2020
22919
29000
28692
17322
22443
28974
8468
2664
16174
26891
10027
9616
7889
2392
1632
130
14550
24874
29680
14192
9614
9777
23340
11438
26667
24488
28203
19356
5909
6795
27729
5180
5795
26421
28854
28238
1748
13674
7254
24274
10565
23633
3890
18455
26026
5522
18585
16928
6749
24617
7473
16363
10747
813
4153
7414
25301
2357
3123
7562
9152
7204
12742
21299
3625
17949
19537
11725
1623
3143
5999
18541
26777
9889
6996
29155
21764
1933
16083
28513
2903
23556
21228
13650
721
25381
27416
26022
4090
6891
3584
19594
14095
22679
10893
17721
10628
6782
5798
18603
16278
11798
7144
13055
28039
20492
18562
26155
28778
4645
1020
1681
4554
28600
21683
5275
23982
19099
7650
4424
25991
17586
371
10086
10265
11264
4159
27245
24399
16310
15849
10677
28108
22993
84
2499
19838
18646
28655
18616
29643
6027
20297
4197
4628
11980
15825
4962
7431
23475
9386
9774
11061
9757
26213
27679
27374
6724
24924
28125
23034
17125
8802
27494
16471
15238
29994
6309
3884
5001
24925
3527
17380
21574
14077
22008
9906
6254
26970
23689
29729
12709
3464
17142
28818
6029
14821
2544
19105
16098
669
12140
3223
15823
15986
26046
1061
22332
2355
11297
27333
3632
21177
14714
1558
5254
13074
11464
17860
10045
5154
17589
29106
14970
11083
27924
27351
25905
6821
16456
18355
7490
4948
27930
29666
20935
23977
727
13267
2684
18377
10601
6317
9554
1667
7875
21160
14741
25692
9020
1138
846
2961
244
22168
14044
4521
19519
16301
11342
12327
4656
25184
17276
2587
24850
8211
2916
1930
21478
5600
20307
8431
11917
29861
16450
26145
27373
7544
21837
6393
8682
29035
9354
15279
27555
29750
26152
23426
16052
13846
5753
27060
9030
23029
5999
10233
7592
8915
12163
29071
14516
8822
13854
2785
15035
305
5282
12408
7849
27119
18801
22883
2506
4507
8162
61
4257
10666
23487
20309
24512
5593
17370
9895
28622
23369
20128
6215
8637
8643
11638
23153
17465
25492
2290
2500
2149
7573
14908
9998
11044
10061
2882
19903
14568
17396
19964
18825
28063
19804
9135
28927
1749
2857
8822
371
2578
5302
12938
11215
13945
928
10720
7762
26421
19363
16614
28570
26936
7874
14921
14332
17935
24155
4235
2503
11551
552
27681
15966
26708
6816
14894
28457
16025
68
5180
18603
11723
24471
6171
2020
25399
16891
9783
28172
6254
26397
3095
9542
4272
18016
227
28559
18523
10814
1063
74
17718
28744
22393
20778
11912
7287
25587
4289
13707
768
29244
25430
1591
5415
27451
3342
28659
13586
1515
11265
16335
10962
27160
26959
5330
27387
25519
23853
8201
26582
279
2272
1678
22672
23050
19942
6311
18638
24231
20019
25758
23475
21801
27349
5243
19252
7043
3902
9190
14910
21519
25526
25872
18679
22485
7554
16066
18004
1407
620
20938
8039
2892
28968
711
2294
18910
7023
20932
19493
27042
23042
19321
25195
26743
24564
14448
3787
4818
29990
18697
26337
25516
20922
15017
18002
28476
1083
6006
6236
8055
3297
14275
17299
2265
21338
19594
27528
28361
16878
17021
1755
9921
6342
26951
13016
7258
17751
23155
12076
17741
11853
14766
13258
9127
29783
7612
13955
7218
19970
26543
21626
23267
17170
8925
25533
8509
28519
29413
6870
21750
16434
14978
8023
29129
11929
21039
6387
6032
14195
24816
23773
2400
9582
13383
17879
15717
27347
1834
29287
17318
4730
27265
16937
21900
6191
18822
409
11062
18235
13632
2812
4670
28610
17187
3799
16891
8227
16538
29275
28774
11354
23048
1174
27288
12784
25405
19357
10131
27239
18645
3801
1969
22262
20739
222
28453
9561
631
15868
27797
20615
25032
2467
25577
12220
12618
12468
26799
29156
11743
25573
16863
11144
3099
14151
280
28504
3509
16763
2095
28506
20565
10417
20768
17656
10639
25574
27217
11270
11442
1366
1886
12826
10185
27463
25046
22803
16284
21845
28312
4379
23770
15175
15523
26869
29326
22155
1725
9187
8919
3821
14045
5836
14238
11166
23492
24877
6740
27061
12499
24534
28428
20737
7360
8613
24553
8759
1417
17189
6956
6081
21568
727
21256
13444
3948
26934
5599
12026
6122
20870
15847
26519
26706
6437
7685
20198
7666
20777
23612
26517
21663
22040
17255
5376
653
18160
14135
8422
5349
21091
14503
26917
28170
12111
10361
8471
9046
22313
20497
15168
13183
12696
11687
9890
19133
25725
6440
3151
16502
52
29668
14518
28444
23275
19894
5450
11435
4029
20224
16784
1472
4728
20054
5995
23191
6767
14466
2237
