0
6
9
9
11
15
19
24
24
25
29
30
30
35
35
36
39
45
47
52
52
53
54
56
61
61
62
68
68
74
75
75
77
79
79
81
83
83
84
86
87
87
90
91
93
98
100
102
105
106
108
111
111
113
116
117
119
122
124
125
129
130
131
133
136
141
153
153
158
160
160
163
164
165
166
168
172
173
175
176
180
187
187
199
200
200
217
218
222
227
228
229
231
232
233
236
239
244
249
252
259
260
263
268
268
279
280
282
284
295
304
305
310
311
323
327
327
327
329
329
334
334
336
338
341
343
349
351
352
353
353
355
365
368
370
371
371
372
374
377
380
387
388
388
388
390
392
393
397
409
413
414
416
417
418
419
420
424
424
426
428
428
430
431
432
433
434
440
457
459
463
464
470
472
473
474
479
482
482
490
491
491
491
498
501
501
501
503
512
518
519
520
524
528
530
530
533
533
539
545
549
551
552
552
553
557
563
566
574
575
576
578
579
579
579
589
596
601
603
609
613
616
616
617
618
620
628
631
633
634
635
641
648
653
653
656
657
659
668
669
671
673
675
677
677
681
686
686
694
697
703
706
709
710
711
718
719
721
722
725
727
727
727
732
735
736
742
745
748
754
762
764
768
772
773
776
777
789
789
790
793
793
795
799
802
812
813
817
819
823
826
828
829
835
844
846
852
856
858
859
859
861
861
863
866
869
871
874
874
876
877
880
881
884
889
889
891
893
895
902
913
915
918
920
920
924
928
930
939
944
948
948
952
957
960
963
963
969
969
971
971
975
976
978
979
992
996
999
1001
1004
1018
1020
1021
1026
1026
1030
1033
1044
1052
1057
1060
1061
1061
1061
1063
1063
1064
1066
1068
1069
1073
1077
1083
1083
1083
1092
1094
1096
1097
1100
1103
1113
1116
1126
1131
1135
1136
1138
1142
1142
1145
1147
1148
1149
1150
1151
1157
1159
1160
1166
1169
1170
1174
1175
1176
1180
1182
1187
1189
1189
1193
1194
1195
1197
1200
1201
1202
1203
1204
1205
1210
1210
1218
1219
1219
1229
1232
1235
1241
1242
1245
1248
1249
1250
1250
1251
1256
1258
1258
1261
1265
1267
1272
1278
1283
1285
1288
1289
1296
1297
1300
1307
1308
1309
1310
1313
1315
1324
1324
1326
1327
1329
1331
1336
1338
1343
1350
1355
1356
1358
1359
1360
1362
1366
1369
1372
1373
1380
1380
1381
1386
1389
1389
1390
1391
1393
1401
1407
1412
1417
1417
1435
1444
1446
1450
1451
1456
1457
1461
1464
1465
1466
1470
1471
1471
1472
1474
1479
1479
1482
1484
1486
1496
1496
1497
1497
1501
1506
1514
1515
1515
1519
1525
1527
1529
1532
1537
1539
1540
1542
1543
1548
1549
1550
1558
1562
1563
1563
1565
1566
1569
1570
1570
1570
1570
1570
1576
1580
1581
1587
1588
1589
1591
1602
1605
1608
1614
1616
1618
1623
1629
1630
1631
1632
1639
1653
1654
1654
1657
1658
1659
1660
1662
1665
1667
1667
1670
1675
1675
1678
1679
1681
1685
1685
1692
1697
1698
1707
1707
1708
1709
1710
1714
1717
1720
1720
1723
1725
1731
1736
1736
1744
1747
1748
1749
1751
1753
1753
1755
1756
1763
1763
1770
1772
1773
1776
1780
1781
1784
1790
1799
1803
1806
1812
1822
1830
1834
1834
1835
1851
1855
1855
1857
1861
1861
1861
1867
1870
1871
1880
1886
1886
1890
1890
1892
1892
1892
1894
1899
1900
1901
1908
1912
1913
1914
1914
1917
1921
1923
1928
1929
1930
1930
1932
1933
1940
1941
1943
1945
1947
1957
1958
1958
1961
1967
1968
1969
1970
1971
1977
1980
1983
1992
1996
1997
2004
2007
2008
2008
2012
2012
2014
2017
2018
2020
2020
2036
2039
2042
2043
2043
2048
2048
2049
2050
2051
2055
2059
2059
2062
2063
2067
2071
2075
2076
2078
2080
2084
2088
2089
2091
2091
2094
2095
2096
2098
2101
2104
2120
2121
2126
2127
2127
2130
2135
2136
2140
2141
2149
2152
2160
2166
2168
2168
2169
2175
2177
2180
2185
2188
2192
2195
2197
2203
2203
2210
2211
2215
2215
2215
2220
2225
2225
2226
2226
2230
2234
2234
2236
2237
2239
2239
2240
2240
2243
2255
2258
2260
2262
2264
2265
2265
2266
2267
2269
2269
2272
2272
2278
2280
2280
2284
2286
2290
2290
2290
2292
2294
2298
2299
2300
2303
2313
2315
2326
2328
2328
2328
2331
2331
2337
2337
2339
2341
2342
2355
2357
2367
2372
2376
2377
2384
2387
2390
2392
2395
2396
2399
2400
2405
2406
2407
2411
2413
2415
2420
2427
2429
2431
2433
2434
2436
2441
2442
2453
2456
2457
2458
2458
2461
2466
2467
2467
2468
2471
2473
2478
2486
2488
2491
2499
2500
2503
2504
2506
2506
2507
2509
2511
2514
2515
2518
2519
2535
2535
2539
2544
2551
2552
2557
2565
2568
2572
2578
2578
2579
2581
2582
2584
2586
2587
2587
2588
2590
2594
2597
2599
2608
2613
2614
2614
2618
2620
2624
2630
2635
2637
2639
2641
2643
2649
2655
2655
2655
2656
2656
2658
2659
2661
2664
2667
2667
2668
2668
2670
2672
2677
2678
2679
2681
2681
2684
2684
2685
2687
2687
2689
2692
2693
2695
2695
2695
2702
2706
2709
2714
2716
2718
2722
2728
2730
2733
2740
2748
2752
2754
2772
2772
2782
2782
2785
2787
2795
2799
2810
2812
2813
2819
2819
2823
2825
2834
2835
2837
2841
2845
2850
2857
2870
2882
2882
2892
2896
2897
2899
2902
2903
2903
2904
2908
2909
2915
2916
2918
2925
2927
2929
2932
2946
2950
2953
2953
2953
2961
2964
2975
2978
2981
2992
2998
3001
3004
3009
3012
3016
3018
3020
3020
3034
3034
3038
3038
3039
3049
3051
3052
3056
3061
3062
3065
3065
3070
3080
3080
3095
3099
3100
3104
3109
3112
3116
3118
3119
3123
3124
3129
3131
3133
3134
3139
3139
3139
3140
3143
3148
3151
3151
3154
3155
3164
3166
3174
3175
3192
3194
3195
3197
3199
3201
3206
3208
3214
3218
3219
3221
3223
3226
3229
3236
3237
3243
3244
3246
3254
3256
3259
3268
3272
3273
3274
3277
3278
3286
3287
3294
3296
3297
3306
3306
3307
3308
3311
3315
3321
3324
3324
3329
3329
3332
3336
3342
3345
3368
3368
3370
3377
3378
3387
3387
3391
3394
3400
3401
3401
3404
3412
3418
3418
3426
3426
3430
3431
3433
3439
3440
3440
3441
3444
3451
3454
3460
3462
3464
3465
3474
3478
3479
3481
3481
3485
3493
3504
3507
3509
3509
3509
3511
3511
3514
3516
3523
3527
3527
3531
3532
3540
3541
3544
3544
3552
3552
3555
3557
3567
3570
3579
3583
3584
3589
3589
3593
3594
3596
3600
3603
3606
3612
3617
3618
3619
3620
3620
3625
3627
3627
3632
3636
3636
3640
3640
3647
3650
3651
3652
3655
3657
3660
3661
3664
3664
3666
3672
3672
3680
3681
3684
3684
3688
3695
3696
3697
3698
3698
3698
3700
3703
3704
3708
3712
3713
3730
3730
3755
3755
3770
3772
3773
3776
3776
3777
3784
3787
3792
3797
3799
3801
3805
3821
3821
3829
3833
3836
3838
3839
3840
3842
3843
3844
3846
3847
3847
3850
3857
3858
3859
3872
3874
3877
3880
3884
3884
3887
3890
3890
3901
3902
3904
3905
3915
3920
3924
3928
3942
3943
3945
3948
3958
3966
3967
3974
3980
3983
3988
3990
3994
4000
4003
4007
4010
4010
4019
4019
4021
4027
4029
4033
4033
4034
4036
4040
4041
4043
4046
4047
4048
4052
4053
4054
4065
4065
4065
4068
4078
4087
4090
4093
4095
4099
4103
4106
4113
4113
4114
4118
4119
4120
4137
4140
4140
4142
4149
4149
4153
4158
4159
4161
4163
4164
4167
4186
4189
4191
4195
4196
4196
4197
4201
4201
4205
4208
4214
4217
4221
4223
4229
4229
4235
4235
4236
4239
4240
4241
4241
4242
4242
4243
4246
4247
4248
4249
4254
4257
4262
4269
4270
4272
4273
4276
4281
4285
4287
4287
4289
4291
4298
4298
4300
4306
4309
4313
4316
4319
4320
4328
4334
4340
4346
4348
4351
4353
4355
4362
4372
4373
4378
4379
4379
4381
4383
4388
4393
4398
4401
4406
4407
4409
4409
4410
4412
4413
4416
4419
4422
4422
4423
4424
4427
4430
4431
4434
4437
4445
4462
4463
4464
4465
4465
4470
4482
4482
4488
4490
4490
4493
4496
4504
4505
4507
4513
4515
4521
4524
4530
4534
4536
4545
4548
4550
4554
4559
4560
4568
4568
4569
4571
4578
4579
4583
4588
4591
4600
4605
4609
4613
4615
4617
4619
4620
4620
4628
4629
4634
4636
4638
4644
4645
4646
4646
4649
4655
4656
4657
4657
4661
4662
4662
4663
4663
4664
4668
4669
4670
4678
4679
4680
4687
4690
4695
4696
4699
4701
4702
4708
4709
4713
4718
4719
4720
4723
4724
4726
4728
4730
4740
4746
4751
4752
4755
4756
4756
4758
4759
4761
4762
4764
4765
4765
4766
4770
4774
4780
4781
4781
4781
4783
4788
4790
4790
4793
4794
4798
4798
4801
4802
4805
4809
4809
4810
4812
4814
4815
4817
4818
4818
4818
4822
4823
4823
4826
4835
4838
4842
4846
4849
4849
4851
4857
4858
4870
4873
4883
4890
4897
4899
4899
4901
4905
4906
4907
4908
4908
4908
4909
4922
4924
4925
4927
4930
4930
4934
4937
4941
4941
4943
4945
4945
4948
4954
4955
4962
4962
4964
4967
4975
4978
4978
4979
4980
4980
4985
4987
4987
5001
5005
5010
5017
5020
5021
5021
5023
5027
5028
5031
5035
5035
5036
5041
5050
5051
5059
5060
5064
5074
5075
5082
5087
5088
5091
5092
5093
5099
5102
5107
5107
5107
5108
5108
5109
5111
5113
5124
5128
5133
5141
5145
5146
5152
5154
5158
5160
5167
5171
5173
5176
5176
5180
5180
5185
5187
5190
5193
5198
5199
5199
5200
5201
5204
5206
5207
5212
5214
5216
5220
5221
5229
5230
5232
5235
5238
5241
5243
5246
5246
5250
5250
5254
5255
5259
5259
5261
5261
5264
5264
5268
5271
5275
5275
5275
5282
5285
5285
5286
5288
5297
5302
5303
5307
5307
5316
5317
5320
5323
5323
5324
5325
5330
5333
5340
5343
5349
5351
5351
5358
5360
5364
5368
5372
5373
5373
5376
5377
5377
5383
5389
5395
5396
5396
5397
5403
5404
5404
5405
5405
5407
5413
5414
5415
5415
5416
5417
5421
5424
5430
5435
5443
5444
5445
5448
5450
5454
5459
5460
5460
5464
5467
5471
5474
5475
5477
5478
5479
5482
5497
5499
5508
5520
5521
5522
5532
5539
5543
5544
5546
5546
5551
5555
5557
5565
5566
5566
5566
5567
5568
5569
5580
5593
5599
5600
5610
5611
5612
5615
5616
5616
5624
5626
5628
5630
5633
5634
5636
5639
5654
5658
5664
5665
5666
5667
5671
5678
5681
5682
5682
5692
5693
5696
5699
5701
5705
5705
5707
5708
5710
5719
5723
5727
5729
5731
5731
5733
5734
5739
5742
5743
5745
5749
5753
5754
5756
5761
5761
5763
5765
5765
5782
5785
5791
5793
5793
5795
5798
5799
5800
5800
5809
5812
5813
5815
5815
5818
5820
5821
5822
5830
5831
5832
5834
5836
5837
5837
5838
5840
5841
5843
5858
5861
5863
5871
5878
5878
5879
5879
5881
5889
5890
5900
5901
5901
5909
5911
5913
5914
5920
5921
5926
5926
5928
5931
5931
5933
5938
5951
5952
5952
5954
5957
5958
5959
5964
5964
5968
5985
5989
5991
5992
5995
5996
5999
5999
6003
6006
6006
6008
6018
6018
6021
6024
6027
6028
6029
6032
6038
6038
6039
6039
6043
6047
6051
6053
6053
6055
6061
6065
6065
6065
6076
6080
6081
6085
6090
6096
6097
6098
6098
6102
6104
6105
6108
6108
6115
6120
6122
6123
6131
6131
6133
6138
6141
6147
6149
6153
6169
6171
6171
6174
6174
6176
6180
6181
6181
6181
6182
6185
6185
6189
6191
6192
6195
6195
6198
6201
6202
6208
6213
6215
6216
6217
6219
6231
6231
6232
6232
6233
6234
6235
6236
6242
6243
6246
6247
6249
6250
6252
6254
6254
6254
6256
6257
6257
6257
6258
6261
6264
6264
6268
6272
6273
6276
6277
6277
6279
6282
6283
6284
6286
6286
6287
6289
6289
6292
6302
6304
6307
6309
6309
6311
6315
6317
6317
6320
6325
6326
6330
6342
6342
6346
6348
6352
6353
6358
6361
6363
6364
6366
6367
6368
6370
6376
6380
6385
6387
6387
6388
6390
6390
6390
6390
6392
6393
6400
6402
6405
6411
6412
6418
6419
6430
6433
6436
6437
6440
6442
6443
6444
6454
6454
6461
6463
6463
6464
6465
6466
6468
6471
6476
6477
6480
6480
6482
6483
6487
6488
6489
6491
6492
6493
6496
6498
6498
6504
6505
6510
6511
6511
6515
6519
6521
6522
6524
6527
6529
6531
6537
6544
6561
6564
6567
6572
6582
6588
6596
6604
6615
6617
6626
6626
6626
6630
6630
6631
6631
6633
6637
6640
6641
6641
6644
6645
6648
6650
6650
6654
6654
6664
6670
6672
6673
6679
6682
6683
6685
6689
6693
6696
6700
6702
6702
6702
6704
6704
6706
6712
6718
6723
6724
6724
6728
6730
6737
6740
6743
6744
6745
6745
6749
6751
6762
6765
6765
6767
6770
6771
6773
6777
6782
6784
6786
6787
6791
6794
6794
6795
6809
6811
6813
6813
6816
6816
6820
6821
6822
6825
6826
6832
6834
6837
6853
6859
6861
6868
6870
6870
6881
6890
6891
6893
6896
6903
6904
6908
6910
6912
6913
6917
6921
6921
6922
6923
6926
6931
6932
6934
6935
6946
6946
6955
6956
6957
6957
6958
6964
6969
6981
6983
6985
6996
7004
7006
7007
7011
7013
7019
7022
7023
7028
7029
7043
7051
7052
7053
7053
7057
7060
7061
7075
7078
7086
7087
7088
7095
7100
7101
7106
7106
7108
7114
7117
7118
7119
7123
7125
7126
7131
7132
7132
7144
7147
7150
7153
7154
7158
7159
7159
7167
7168
7171
7173
7173
7174
7181
7182
7184
7184
7184
7188
7191
7196
7203
7204
7204
7204
7205
7209
7210
7212
7214
7215
7215
7216
7218
7219
7220
7222
7226
7234
7236
7236
7238
7248
7249
7254
7258
7260
7262
7270
7270
7271
7273
7277
7277
7279
7281
7282
7284
7287
7292
7292
7296
7297
7300
7302
7305
7306
7308
7315
7341
7341
7347
7348
7360
7362
7362
7365
7372
7374
7375
7378
7380
7383
7387
7392
7393
7394
7398
7399
7400
7403
7403
7404
7405
7406
7410
7410
7414
7415
7419
7419
7425
7426
7429
7430
7431
7446
7447
7449
7453
7459
7460
7465
7465
7466
7467
7473
7473
7475
7475
7476
7476
7477
7479
7482
7485
7487
7489
7489
7490
7490
7492
7494
7495
7499
7502
7505
7506
7509
7510
7510
7511
7517
7519
7521
7525
7527
7532
7535
7538
7542
7544
7548
7551
7551
7552
7554
7556
7557
7559
7559
7559
7562
7573
7577
7578
7579
7582
7592
7598
7600
7605
7612
7614
7619
7626
7628
7629
7630
7633
7634
7634
7640
7643
7650
7653
7654
7655
7656
7656
7657
7659
7663
7663
7666
7667
7673
7676
7683
7684
7685
7688
7688
7689
7689
7692
7695
7703
7704
7711
7714
7716
7735
7737
7742
7751
7751
7758
7758
7759
7759
7762
7763
7766
7766
7773
7779
7780
7783
7788
7790
7791
7796
7797
7798
7799
7804
7806
7815
7817
7818
7820
7825
7826
7826
7836
7839
7841
7844
7849
7853
7860
7860
7863
7863
7868
7872
7874
7875
7875
7881
7881
7881
7886
7886
7887
7889
7889
7901
7904
7906
7911
7914
7918
7918
7923
7926
7930
7934
7938
7942
7943
7947
7951
7952
7955
7960
7970
7971
7975
7978
7987
7988
7989
7990
7990
7992
7998
8006
8008
8009
8015
8021
8022
8023
8028
8030
8032
8038
8039
8039
8055
8058
8059
8060
8063
8063
8063
8069
8069
8082
8082
8085
8086
8090
8091
8092
8094
8098
8099
8107
8110
8111
8113
8115
8116
8118
8126
8132
8137
8138
8138
8154
8160
8162
8174
8176
8179
8186
8187
8191
8196
8198
8201
8201
8208
8210
8211
8211
8211
8214
8216
8217
8217
8219
8227
8238
8239
8239
8241
8257
8260
8261
8271
8273
8277
8278
8279
8282
8286
8294
8294
8299
8302
8302
8304
8315
8315
8317
8322
8325
8326
8326
8329
8341
8342
8343
8345
8350
8351
8356
8358
8360
8369
8370
8373
8374
8380
8380
8384
8385
8389
8396
8398
8399
8399
8402
8407
8413
8416
8418
8419
8422
8425
8428
8431
8434
8441
8442
8449
8455
8463
8465
8465
8467
8468
8469
8471
8471
8480
8485
8491
8499
8501
8502
8503
8504
8504
8506
8507
8509
8510
8514
8521
8523
8526
8530
8532
8533
8537
8537
8540
8540
8557
8558
8559
8560
8571
8586
8587
8588
8588
8590
8600
8600
8604
8604
8606
8609
8609
8613
8615
8624
8628
8633
8634
8637
8638
8639
8643
8650
8651
8654
8654
8656
8656
8663
8666
8671
8673
8678
8682
8686
8688
8692
8694
8694
8695
8696
8701
8717
8726
8727
8735
8739
8742
8743
8743
8745
8745
8746
8747
8749
8755
8759
8762
8762
8762
8771
8771
8773
8775
8782
8782
8782
8783
8784
8786
8786
8787
8789
8789
8789
8795
8802
8803
8807
8812
8816
8820
8822
8822
8823
8829
8832
8837
8838
8840
8840
8840
8848
8858
8860
8864
8866
8869
8870
8874
8875
8878
8886
8886
8894
8896
8896
8897
8904
8910
8915
8919
8923
8925
8926
8930
8931
8933
8939
8946
8958
8958
8959
8959
8963
8967
8974
8976
8976
8978
8978
8983
8983
8984
8987
8990
8992
8992
8999
9012
9014
9015
9017
9018
9020
9021
9024
9024
9025
9027
9027
9028
9028
9030
9030
9032
9036
9037
9044
9046
9051
9056
9057
9058
9059
9062
9063
9068
9073
9075
9076
9077
9078
9082
9083
9086
9087
9090
9094
9096
9096
9099
9099
9107
9111
9111
9114
9117
9122
9124
9127
9133
9135
9141
9145
9146
9148
9150
9152
9155
9156
9157
9157
9164
9166
9171
9185
9185
9187
9190
9192
9194
9204
9212
9213
9213
9213
9221
9223
9223
9224
9226
9227
9230
9235
9236
9237
9240
9242
9247
9249
9249
9253
9255
9262
9263
9268
9270
9278
9287
9290
9293
9294
9296
9301
9306
9308
9309
9311
9312
9312
9317
9323
9329
9338
9341
9345
9349
9351
9351
9354
9357
9357
9357
9358
9359
9367
9379
9382
9382
9386
9387
9388
9394
9395
9397
9400
9401
9403
9406
9415
9417
9417
9423
9428
9430
9431
9433
9436
9441
9441
9443
9447
9448
9459
9462
9464
9465
9466
9467
9468
9470
9474
9476
9485
9492
9511
9511
9516
9521
9524
9525
9528
9529
9529
9535
9535
9541
9542
9543
9546
9549
9551
9553
9553
9554
9558
9559
9561
9566
9568
9571
9577
9578
9578
9582
9585
9588
9590
9593
9594
9596
9599
9601
9604
9605
9609
9612
9614
9614
9615
9616
9618
9624
9625
9626
9626
9627
9627
9636
9639
9642
9656
9659
9660
9660
9663
9664
9668
9672
9676
9676
9680
9681
9686
9693
9698
9699
9703
9708
9712
9717
9723
9724
9724
9730
9730
9732
9744
9744
9755
9757
9759
9762
9765
9766
9767
9769
9773
9774
9776
9777
9777
9780
9783
9788
9791
9792
9794
9799
9804
9804
9804
9806
9809
9813
9815
9816
9817
9818
9822
9825
9826
9826
9832
9841
9844
9853
9857
9860
9863
9863
9865
9867
9879
9883
9887
9888
9889
9890
9890
9893
9894
9895
9895
9897
9906
9907
9908
9908
9914
9916
9916
9919
9919
9921
9939
9946
9948
9954
9962
9963
9972
9974
9976
9978
9980
9985
9993
9998
10006
10009
10010
10015
10015
10016
10017
10021
10023
10027
10028
10030
10032
10033
10040
10044
10045
10046
10061
10061
10066
10067
10068
10070
10071
10072
10074
10080
10082
10086
10088
10092
10092
10094
10097
10104
10105
10109
10115
10118
10119
10122
10125
10128
10130
10131
10135
10145
10146
10149
10152
10153
10154
10157
10158
10170
10172
10174
10178
10181
10183
10185
10186
10187
10199
10200
10208
10210
10212
10221
10232
10233
10233
10239
10239
10243
10244
10246
10248
10249
10252
10253
10254
10255
10257
10262
10262
10263
10265
10265
10268
10269
10273
10276
10279
10280
10283
10286
10290
10293
10293
10295
10299
10306
10309
10310
10310
10313
10321
10325
10326
10327
10328
10342
10342
10345
10354
10355
10357
10359
10361
10363
10368
10374
10377
10380
10383
10384
10384
10384
10386
10387
10387
10390
10394
10398
10404
10409
10411
10417
10417
10417
10426
10427
10428
10428
10431
10448
10449
10450
10450
10451
10454
10465
10465
10474
10477
10481
10487
10488
10490
10495
10505
10522
10525
10527
10527
10528
10528
10530
10532
10532
10535
10538
10540
10548
10550
10552
10558
10559
10560
10565
10565
10568
10570
10571
10572
10572
10574
10576
10581
10589
10589
10590
10592
10599
10600
10601
10605
10606
10611
10615
10619
10625
10628
10630
10631
10635
10639
10639
10642
10646
10651
10655
10656
10657
10660
10664
10666
10667
10668
10669
10669
10677
10678
10681
10687
10691
10692
10705
10706
10706
10710
10712
10714
10715
10715
10717
10718
10720
10720
10726
10728
10728
10735
10737
10739
10740
10740
10741
10745
10747
10748
10756
10759
10767
10771
10771
10773
10776
10779
10779
10780
10782
10786
10788
10790
10790
10797
10800
10800
10805
10810
10814
10816
10817
10817
10818
10821
10821
10831
10833
10836
10840
10841
10843
10844
10847
10851
10853
10854
10856
10857
10857
10858
10859
10859
10860
10865
10866
10871
10873
10876
10881
10886
10887
10889
10890
10893
10895
10906
10906
10908
10909
10911
10915
10918
10919
10920
10921
10930
10936
10936
10947
10949
10954
10955
10959
10961
10962
10962
10966
10973
10974
10983
10995
11000
11007
11009
11009
11010
11011
11012
11013
11016
11016
11019
11020
11020
11021
11022
11030
11033
11034
11039
11044
11047
11048
11049
11051
11052
11053
11057
11061
11062
11065
11065
11066
11070
11073
11073
11077
11079
11083
11085
11085
11087
11094
11096
11096
11100
11102
11118
11123
11125
11128
11130
11131
11133
11133
11137
11137
11138
11138
11139
11141
11142
11144
11144
11149
11150
11151
11162
11165
11166
11166
11167
11170
11175
11180
11180
11183
11186
11189
11206
11214
11214
11215
11219
11220
11223
11225
11225
11237
11239
11240
11240
11258
11259
11261
11263
11264
11264
11265
11265
11266
11270
11273
11278
11278
11279
11286
11286
11293
11294
11297
11302
11302
11306
11307
11317
11317
11321
11325
11327
11329
11332
11336
11340
11341
11342
11343
11346
11351
11354
11357
11361
11365
11374
11375
11381
11385
11385
11401
11402
11408
11408
11415
11421
11427
11429
11431
11434
11434
11435
11437
11437
11438
11442
11442
11449
11452
11464
11466
11467
11467
11470
11472
11473
11478
11486
11489
11490
11491
11496
11502
11505
11508
11509
11509
11509
11510
11510
11523
11524
11528
11535
11536
11539
11540
11542
11543
11548
11551
11554
11555
11561
11571
11573
11588
11591
11591
11596
11598
11601
11603
11609
11609
11611
11613
11614
11615
11616
11622
11624
11626
11626
11630
11631
11636
11637
11638
11641
11651
11653
11656
11657
11658
11662
11663
11664
11674
11675
11677
11679
11679
11687
11688
11691
11692
11694
11696
11697
11701
11701
11703
11715
11716
11719
11721
11722
11723
11725
11731
11743
11751
11756
11759
11761
11767
11768
11768
11770
11772
11774
11774
11778
11785
11789
11791
11791
11797
11797
11798
11798
11801
11807
11821
11822
11823
11828
11832
11833
11834
11839
11842
11849
11852
11853
11855
11857
11860
11862
11863
11864
11872
11875
11875
11875
11884
11885
11889
11893
11893
11894
11905
11912
11913
11917
11924
11926
11929
11932
11944
11946
11955
11957
11961
11963
11965
11967
11968
11968
11968
11968
11972
11974
11976
11977
11978
11978
11980
11980
11983
11984
11986
11988
12005
12005
12006
12008
12011
12011
12019
12023
12026
12028
12036
12039
12040
12042
12044
12048
12050
12050
12053
12061
12061
12064
12065
12065
12071
12073
12073
12074
12075
12075
12076
12083
12089
12092
12103
12107
12110
12111
12115
12115
12117
12117
12124
12125
12130
12139
12140
12150
12156
12156
12158
12163
12165
12171
12183
12184
12186
12196
12203
12205
12207
12208
12212
12213
12220
12221
12222
12222
12223
12236
12238
12240
12248
12254
12255
12261
12264
12269
12273
12275
12277
12281
12283
12286
12287
12290
12290
12292
12298
12300
12301
12303
12305
12306
12313
12315
12318
12322
12325
12327
12331
12333
12334
12336
12339
12343
12348
12359
12360
12365
12374
12377
12385
12386
12386
12389
12397
12399
12402
12404
12407
12408
12408
12415
12418
12419
12419
12426
12426
12433
12434
12435
12441
12445
12445
12450
12455
12456
12460
12462
12464
12466
12467
12467
12468
12474
12481
12486
12493
12494
12497
12498
12498
12499
12504
12509
12513
12516
12516
12516
12519
12519
12526
12526
12530
12530
12545
12548
12553
12557
12561
12564
12569
12574
12577
12578
12582
12586
12586
12586
12587
12592
12593
12600
12602
12603
12610
12611
12613
12616
12616
12618
12618
12618
12620
12621
12621
12625
12626
12627
12632
12634
12638
12653
12659
12660
12664
12664
12678
12679
12684
12692
12694
12694
12695
12696
12700
12706
12707
12708
12709
12709
12715
12715
12719
12720
12722
12725
12734
12738
12742
12744
12746
12747
12757
12761
12765
12767
12768
12774
12774
12775
12779
12779
12780
12781
12784
12787
12790
12792
12793
12794
12795
12798
12800
12804
12807
12812
12815
12819
12825
12826
12831
12832
12834
12836
12836
12838
12852
12869
12870
12871
12872
12873
12875
12875
12877
12878
12883
12885
12890
12891
12897
12902
12902
12903
12904
12904
12905
12905
12914
12914
12916
12917
12924
12931
12933
12937
12937
12937
12938
12941
12945
12946
12947
12948
12949
12952
12954
12958
12968
12977
12979
12980
12986
12988
12989
12990
12993
12994
12995
13000
13000
13000
13005
13012
13016
13016
13017
13018
13018
13021
13025
13025
13034
13035
13054
13055
13056
13058
13064
13067
13070
13074
13077
13089
13091
13105
13108
13110
13111
13114
13115
13118
13119
13125
13127
13128
13131
13133
13138
13140
13144
13148
13149
13152
13153
13155
13155
13156
13160
13167
13169
13171
13173
13174
13179
13182
13183
13188
13190
13191
13191
13193
13196
13203
13209
13210
13211
13212
13212
13215
13216
13217
13219
13222
13223
13230
13232
13233
13234
13241
13246
13252
13256
13257
13258
13260
13263
13267
13267
13268
13272
13273
13276
13277
13283
13284
13293
13296
13298
13302
13304
13305
13307
13312
13315
13317
13322
13331
13335
13347
13348
13351
13356
13357
13359
13360
13365
13368
13369
13372
13374
13383
13384
13389
13390
13394
13402
13403
13405
13406
13416
13416
13417
13418
13420
13422
13425
13428
13429
13432
13435
13441
13441
13444
13453
13455
13455
13457
13461
13464
13464
13466
13478
13478
13480
13484
13486
13488
13493
13493
13504
13505
13512
13513
13514
13514
13516
13516
13519
13524
13525
13527
13535
13538
13540
13544
13550
13550
13552
13554
13558
13559
13563
13564
13565
13565
13569
13571
13583
13585
13586
13590
13591
13594
13594
13595
13595
13596
13597
13598
13609
13613
13622
13626
13628
13632
13644
13645
13649
13650
13652
13654
13655
13659
13661
13663
13663
13666
13670
13671
13673
13673
13674
13675
13677
13681
13681
13684
13686
13687
13688
13688
13697
13697
13703
13706
13707
13708
13713
13717
13718
13722
13725
13726
13733
13735
13737
13738
13744
13746
13754
13755
13762
13765
13768
13771
13771
13774
13775
13782
13788
13789
13793
13795
13797
13798
13800
13800
13803
13806
13807
13807
13813
13816
13817
13818
13823
13824
13825
13826
13826
13827
13833
13834
13839
13840
13841
13844
13844
13845
13845
13846
13854
13855
13857
13858
13861
13869
13871
13872
13877
13877
13878
13878
13884
13886
13887
13894
13895
13896
13905
13906
13907
13907
13908
13908
13911
13912
13913
13923
13933
13935
13936
13940
13940
13941
13944
13945
13950
13954
13955
13957
13958
13960
13960
13964
13968
13973
13974
13976
13978
13980
13989
13990
13990
13991
13992
13994
13995
13998
13999
14000
14006
14010
14013
14030
14033
14034
14037
14039
14044
14045
14047
14049
14055
14055
14056
14060
14060
14061
14068
14070
14072
14077
14079
14083
14083
14085
14085
14086
14095
14097
14099
14101
14104
14107
14109
14114
14116
14116
14119
14122
14123
14129
14131
14135
14135
14137
14137
14142
14144
14150
14151
14158
14160
14161
14161
14163
14168
14176
14181
14182
14192
14195
14197
14197
14197
14200
14202
14202
14205
14208
14208
14208
14209
14209
14213
14215
14226
14231
14238
14243
14244
14252
14256
14256
14257
14257
14258
14262
14265
14271
14275
14275
14275
14275
14278
14293
14301
14309
14311
14312
14313
14326
14326
14332
14333
14333
14335
14337
14341
14342
14346
14348
14348
14350
14355
14356
14357
14359
14363
14364
14370
14371
14371
14372
14375
14378
14379
14381
14383
14386
14388
14390
14391
14398
14409
14412
14414
14414
14415
14420
14422
14427
14429
14431
14431
14431
14432
14434
14435
14435
14436
14437
14437
14438
14438
14439
14448
14458
14459
14466
14466
14470
14479
14482
14482
14486
14490
14493
14499
14503
14503
14506
14512
14515
14515
14516
14518
14518
14520
14522
14523
14525
14529
14532
14537
14542
14550
14556
14558
14562
14564
14565
14565
14568
14569
14571
14575
14576
14585
14586
14587
14587
14589
14591
14593
14597
14600
14602
14609
14617
14618
14620
14624
14625
14631
14633
14636
14636
14637
14638
14639
14642
14642
14644
14644
14648
14650
14652
14652
14653
14654
14657
14660
14661
14663
14667
14669
14670
14671
14671
14683
14688
14690
14693
14693
14704
14704
14704
14705
14708
14714
14714
14719
14722
14723
14725
14726
14731
14734
14736
14739
14741
14742
14747
14756
14757
14759
14764
14765
14766
14784
14785
14791
14793
14794
14795
14797
14798
14801
14801
14804
14814
14817
14821
14823
14826
14830
14835
14839
14839
14847
14849
14853
14854
14856
14856
14859
14863
14863
14868
14869
14870
14870
14875
14876
14878
14881
14886
14888
14894
14903
14903
14903
14903
14904
14905
14907
14908
14910
14910
14915
14921
14923
14924
14927
14927
14936
14940
14942
14949
14952
14955
14957
14964
14968
14968
14970
14970
14973
14976
14976
14977
14978
14982
14983
14984
14987
14997
14998
15002
15005
15015
15017
15017
15020
15033
15033
15035
15038
15039
15042
15043
15044
15051
15052
15057
15058
15062
15067
15068
15072
15075
15076
15077
15081
15081
15082
15083
15084
15086
15091
15094
15095
15101
15106
15109
15110
15114
15115
15118
15123
15125
15128
15133
15136
15136
15137
15145
15147
15150
15150
15151
15154
15154
15157
15159
15162
15164
15164
15164
15168
15172
15173
15174
15175
15175
15176
15179
15181
15187
15192
15193
15193
15195
15197
15204
15205
15206
15211
15212
15213
15214
15224
15224
15227
15232
15232
15235
15236
15237
15238
15245
15246
15249
15251
15253
15255
15255
15257
15263
15264
15270
15272
15273
15279
15283
15284
15286
15286
15289
15293
15295
15295
15295
15297
15306
15311
15312
15315
15322
15331
15332
15335
15337
15348
15349
15351
15354
15355
15356
15356
15362
15366
15371
15378
15379
15381
15391
15394
15397
15400
15401
15402
15412
15413
15415
15416
15420
15423
15426
15433
15433
15438
15440
15440
15441
15448
15449
15457
15457
15462
15465
15470
15472
15473
15479
15480
15480
15483
15487
15488
15489
15490
15497
15498
15499
15503
15506
15508
15510
15512
15513
15515
15515
15516
15516
15518
15521
15523
15526
15527
15532
15537
15544
15544
15548
15552
15553
15554
15560
15562
15569
15571
15577
15578
15583
15584
15587
15588
15589
15589
15591
15593
15594
15594
15601
15602
15614
15615
15620
15630
15633
15635
15636
15637
15638
15640
15650
15654
15656
15663
15664
15664
15665
15666
15678
15681
15683
15686
15694
15695
15701
15707
15709
15711
15711
15714
15715
15717
15723
15724
15726
15728
15732
15734
15735
15737
15742
15758
15758
15759
15762
15763
15768
15768
15769
15770
15771
15775
15777
15777
15778
15779
15785
15786
15786
15787
15787
15788
15795
15796
15806
15808
15810
15816
15818
15820
15823
15823
15825
15825
15825
15827
15830
15837
15840
15843
15845
15847
15849
15849
15853
15857
15858
15860
15862
15862
15865
15866
15867
15868
15869
15872
15875
15881
15888
15888
15888
15889
15890
15890
15896
15899
15901
15907
15918
15918
15925
15930
15930
15932
15934
15934
15935
15936
15937
15940
15942
15943
15945
15948
15953
15966
15970
15972
15978
15979
15980
15981
15984
15986
15986
15988
15995
16001
16003
16004
16013
16014
16016
16018
16018
16020
16025
16027
16033
16036
16039
16042
16044
16046
16048
16050
16052
16054
16059
16060
16066
16068
16069
16071
16074
16074
16080
16082
16082
16083
16085
16086
16098
16100
16102
16104
16104
16107
16121
16122
16126
16127
16129
16129
16130
16130
16134
16135
16147
16149
16162
16163
16164
16166
16168
16168
16168
16171
16172
16172
16173
16173
16174
16174
16174
16178
16179
16180
16181
16182
16182
16183
16188
16192
16196
16196
16199
16200
16204
16208
16211
16213
16216
16219
16220
16223
16226
16229
16233
16234
16237
16238
16242
16245
16248
16257
16259
16261
16263
16269
16272
16275
16278
16284
16285
16290
16294
16300
16301
16303
16307
16308
16310
16315
16319
16322
16326
16326
16326
16335
16337
16338
16342
16347
16349
16350
16350
16350
16353
16360
16363
16365
16373
16373
16375
16377
16378
16382
16388
16389
16392
16393
16395
16396
16398
16400
16406
16406
16410
16412
16413
16414
16418
16422
16424
16425
16430
16434
16434
16439
16441
16446
16450
16452
16453
16453
16456
16460
16461
16462
16467
16470
16470
16471
16473
16477
16487
16495
16499
16501
16502
16503
16503
16503
16503
16510
16512
16514
16517
16517
16518
16520
16523
16524
16526
16528
16529
16533
16537
16538
16540
16542
16546
16547
16550
16554
16557
16558
16560
16563
16568
16571
16574
16575
16577
16580
16581
16582
16591
16597
16601
16611
16613
16614
16614
16618
16619
16621
16627
16632
16638
16638
16639
16642
16642
16644
16645
16650
16653
16656
16657
16658
16661
16665
16666
16669
16671
16680
16683
16686
16689
16690
16699
16705
16707
16707
16707
16715
16717
16717
16718
16721
16721
16722
16726
16727
16729
16729
16729
16734
16735
16738
16740
16742
16743
16752
16752
16753
16756
16757
16760
16763
16765
16765
16769
16772
16772
16774
16775
16776
16777
16778
16779
16784
16785
16787
16789
16790
16794
16795
16803
16804
16813
16814
16821
16826
16831
16833
16833
16835
16836
16837
16839
16839
16840
16849
16855
16858
16859
16862
16863
16863
16864
16865
16871
16875
16876
16876
16878
16885
16890
16890
16890
16891
16891
16894
16898
16900
16903
16905
16908
16909
16913
16914
16916
16918
16920
16923
16926
16928
16931
16932
16934
16934
16935
16935
16936
16937
16937
16937
16940
16941
16942
16943
16944
16945
16950
16954
16954
16955
16956
16961
16963
16967
16970
16970
16974
16974
16975
16980
16982
16982
16986
16986
16987
16990
17003
17012
17013
17017
17021
17023
17038
17046
17050
17055
17059
17062
17062
17063
17069
17074
17075
17077
17082
17090
17091
17091
17092
17092
17101
17104
17104
17107
17108
17109
17109
17112
17113
17125
17126
17132
17136
17138
17142
17142
17144
17145
17152
17154
17156
17157
17159
17160
17165
17165
17169
17170
17170
17174
17177
17180
17183
17185
17186
17187
17187
17189
17193
17199
17205
17206
17211
17213
17224
17227
17229
17238
17242
17254
17255
17257
17257
17258
17259
17260
17262
17263
17263
17265
17267
17268
17269
17271
17273
17274
17276
17279
17280
17283
17286
17290
17292
17293
17299
17300
17304
17304
17304
17317
17318
17318
17322
17326
17330
17331
17332
17338
17339
17341
17342
17343
17343
17345
17346
17348
17351
17354
17356
17357
17365
17367
17368
17368
17370
17370
17371
17376
17377
17380
17382
17390
17393
17395
17396
17400
17401
17402
17402
17405
17422
17422
17424
17427
17437
17446
17448
17455
17457
17457
17465
17466
17470
17472
17476
17480
17481
17481
17484
17489
17492
17492
17495
17496
17498
17504
17505
17509
17515
17522
17522
17529
17530
17530
17533
17535
17538
17540
17543
17544
17554
17563
17563
17565
17571
17572
17580
17582
17583
17586
17587
17587
17589
17589
17601
17605
17622
17623
17625
17632
17634
17635
17639
17642
17645
17647
17655
17656
17656
17657
17661
17661
17664
17666
17669
17669
17670
17674
17688
17690
17692
17693
17693
17703
17704
17705
17710
17712
17714
17714
17718
17718
17718
17721
17721
17722
17724
17727
17736
17736
17740
17741
17743
17751
17752
17761
17763
17768
17775
17785
17786
17786
17787
17791
17796
17800
17805
17806
17809
17809
17810
17817
17822
17825
17830
17831
17839
17841
17841
17848
17849
17860
17864
17865
17870
17871
17873
17875
17879
17879
17885
17892
17893
17893
17896
17905
17906
17921
17928
17930
17935
17939
17943
17944
17949
17949
17951
17956
17958
17970
17973
17975
17976
17977
17979
17982
17985
17988
17989
17992
17999
18002
18002
18004
18005
18010
18011
18016
18020
18021
18024
18026
18030
18030
18032
18037
18037
18039
18040
18042
18042
18045
18049
18052
18055
18058
18064
18070
18072
18073
18074
18082
18087
18095
18095
18096
18097
18098
18099
18099
18100
18100
18106
18107
18108
18108
18110
18112
18117
18118
18118
18119
18120
18129
18131
18132
18135
18138
18140
18141
18142
18144
18147
18149
18151
18155
18160
18160
18160
18164
18168
18169
18171
18176
18191
18191
18197
18209
18214
18220
18227
18227
18230
18233
18233
18235
18235
18237
18242
18248
18248
18249
18250
18252
18253
18257
18258
18263
18263
18263
18265
18266
18269
18272
18273
18274
18276
18276
18278
18280
18280
18282
18286
18287
18292
18294
18300
18302
18306
18306
18312
18318
18320
18332
18341
18343
18344
18346
18347
18351
18353
18355
18362
18375
18377
18380
18385
18387
18390
18402
18408
18413
18414
18417
18425
18429
18429
18429
18433
18434
18438
18440
18446
18447
18447
18450
18455
18461
18466
18472
18477
18478
18480
18482
18493
18495
18499
18504
18506
18513
18521
18521
18523
18525
18526
18531
18531
18531
18535
18537
18541
18542
18544
18544
18546
18548
18553
18554
18556
18559
18560
18562
18565
18571
18571
18572
18573
18581
18583
18585
18588
18588
18590
18593
18597
18597
18600
18601
18601
18603
18603
18605
18611
18613
18616
18617
18621
18621
18630
18635
18638
18638
18640
18640
18642
18643
18643
18645
18646
18657
18659
18665
18673
18674
18679
18679
18680
18681
18685
18686
18691
18693
18697
18699
18700
18703
18705
18706
18707
18714
18716
18721
18722
18723
18730
18735
18740
18748
18749
18752
18754
18754
18759
18759
18763
18772
18779
18782
18782
18784
18788
18790
18791
18792
18793
18800
18801
18808
18810
18812
18821
18822
18823
18824
18825
18827
18827
18827
18830
18830
18831
18840
18846
18846
18847
18849
18851
18853
18861
18869
18871
18878
18881
18884
18887
18898
18900
18900
18900
18906
18909
18910
18914
18918
18919
18920
18926
18929
18931
18937
18940
18945
18945
18946
18948
18949
18950
18950
18951
18955
18956
18956
18957
18957
18957
18961
18965
18965
18966
18968
18968
18971
18974
18976
18982
18987
18993
18994
18998
19003
19003
19007
19009
19015
19015
19017
19018
19019
19019
19021
19023
19028
19035
19036
19037
19043
19054
19054
19055
19057
19059
19063
19068
19070
19076
19079
19085
19087
19089
19093
19097
19098
19099
19099
19100
19105
19107
19109
19110
19111
19113
19113
19114
19119
19121
19122
19128
19130
19133
19135
19143
19144
19145
19147
19151
19155
19155
19160
19170
19174
19183
19184
19185
19190
19196
19197
19203
19205
19212
19217
19219
19221
19222
19227
19233
19235
19236
19244
19247
19252
19253
19255
19258
19264
19265
19265
19266
19267
19272
19273
19273
19275
19285
19286
19287
19289
19293
19296
19309
19311
19313
19314
19319
19321
19325
19327
19329
19329
19331
19337
19340
19340
19340
19346
19347
19348
19350
19352
19356
19357
19361
19362
19362
19363
19363
19364
19365
19370
19372
19380
19383
19396
19398
19404
19408
19410
19415
19422
19423
19424
19425
19426
19431
19434
19440
19444
19449
19454
19470
19479
19481
19483
19483
19485
19492
19493
19494
19497
19500
19503
19507
19508
19509
19519
19519
19523
19524
19525
19527
19530
19530
19530
19531
19533
19533
19537
19537
19538
19538
19544
19548
19549
19549
19555
19557
19560
19560
19565
19567
19568
19570
19571
19576
19577
19577
19590
19592
19594
19594
19594
19598
19601
19604
19607
19610
19611
19614
19618
19618
19621
19625
19631
19632
19632
19642
19642
19648
19648
19654
19656
19665
19672
19673
19673
19673
19673
19677
19678
19678
19680
19689
19692
19696
19696
19699
19705
19705
19706
19709
19711
19714
19717
19719
19719
19722
19722
19723
19723
19729
19731
19740
19741
19746
19747
19748
19753
19764
19774
19776
19781
19782
19789
19792
19795
19798
19799
19803
19803
19804
19804
19807
19807
19808
19820
19820
19825
19833
19834
19836
19838
19838
19845
19847
19848
19848
19850
19851
19854
19855
19860
19869
19872
19873
19886
19892
19894
19897
19902
19903
19906
19910
19913
19917
19921
19923
19927
19931
19932
19935
19942
19942
19944
19951
19960
19963
19964
19964
19965
19969
19970
19976
19982
19985
19987
19993
19993
19995
19996
19999
20007
20013
20016
20019
20029
20046
20048
20052
20052
20053
20054
20059
20070
20079
20082
20084
20089
20090
20093
20096
20097
20099
20103
20108
20109
20110
20113
20121
20123
20126
20128
20128
20132
20137
20138
20139
20144
20148
20148
20149
20150
20155
20167
20173
20174
20175
20179
20180
20180
20180
20182
20187
20194
20196
20197
20198
20207
20212
20216
20219
20222
20224
20224
20226
20228
20230
20239
20245
20245
20247
20247
20250
20250
20257
20263
20264
20267
20268
20276
20276
20286
20287
20288
20295
20295
20296
20296
20297
20300
20307
20309
20313
20315
20320
20320
20324
20325
20326
20330
20330
20338
20338
20339
20344
20346
20353
20353
20356
20360
20366
20366
20367
20369
20369
20374
20384
20388
20388
20391
20398
20421
20432
20434
20435
20438
20441
20444
20446
20450
20451
20452
20454
20457
20460
20461
20461
20465
20474
20482
20487
20488
20492
20497
20499
20503
20504
20504
20515
20517
20518
20520
20527
20539
20542
20545
20550
20551
20553
20553
20553
20557
20565
20570
20572
20576
20577
20578
20579
20586
20590
20592
20602
20605
20605
20609
20610
20613
20615
20615
20619
20624
20628
20628
20636
20642
20646
20646
20647
20648
20650
20651
20656
20661
20663
20667
20672
20672
20674
20675
20680
20689
20690
20698
20699
20699
20699
20699
20702
20703
20707
20707
20722
20723
20725
20725
20728
20731
20732
20735
20736
20737
20739
20740
20741
20747
20751
20753
20756
20759
20761
20764
20767
20767
20768
20769
20769
20775
20777
20778
20779
20781
20782
20789
20789
20792
20792
20805
20808
20812
20813
20815
20817
20828
20828
20831
20833
20837
20840
20842
20843
20854
20856
20858
20861
20862
20862
20862
20865
20865
20870
20878
20879
20881
20882
20883
20885
20887
20888
20892
20892
20899
20901
20902
20903
20910
20914
20922
20932
20933
20935
20937
20938
20940
20941
20942
20944
20946
20959
20965
20966
20968
20969
20970
20974
20976
20978
20981
20981
20981
20981
20982
20983
20988
20990
20993
20993
20998
20999
21001
21003
21007
21018
21022
21025
21027
21032
21033
21035
21039
21039
21040
21042
21043
21047
21049
21054
21061
21067
21067
21069
21071
21073
21074
21076
21077
21078
21078
21082
21084
21084
21085
21086
21088
21089
21091
21091
21092
21099
21100
21101
21107
21122
21123
21123
21123
21124
21126
21146
21154
21155
21157
21157
21159
21160
21163
21163
21164
21165
21169
21170
21170
21177
21178
21178
21180
21182
21186
21187
21193
21193
21193
21194
21195
21199
21208
21216
21218
21221
21223
21223
21223
21227
21228
21230
21230
21235
21238
21240
21242
21243
21251
21256
21256
21258
21261
21269
21270
21271
21273
21279
21281
21287
21287
21293
21293
21295
21298
21299
21301
21302
21307
21308
21309
21309
21316
21320
21321
21324
21324
21325
21327
21329
21329
21331
21338
21339
21341
21342
21344
21345
21347
21349
21350
21354
21356
21360
21364
21365
21371
21374
21374
21377
21382
21383
21387
21388
21393
21401
21404
21408
21408
21411
21413
21414
21417
21429
21434
21434
21434
21434
21435
21439
21440
21445
21446
21448
21448
21450
21450
21450
21457
21462
21462
21466
21467
21467
21467
21470
21473
21475
21478
21480
21483
21488
21488
21490
21492
21493
21494
21497
21505
21509
21513
21519
21521
21523
21527
21537
21540
21541
21542
21542
21544
21551
21557
21562
21568
21572
21574
21575
21577
21579
21581
21583
21585
21593
21595
21599
21602
21615
21615
21619
21619
21623
21624
21625
21626
21632
21633
21635
21638
21641
21642
21644
21644
21645
21651
21652
21653
21656
21658
21658
21663
21674
21676
21677
21683
21686
21687
21693
21695
21696
21703
21706
21707
21708
21709
21713
21715
21723
21727
21728
21728
21731
21731
21732
21732
21736
21739
21741
21745
21750
21750
21750
21752
21752
21753
21755
21757
21761
21762
21764
21775
21775
21788
21790
21790
21791
21792
21794
21800
21801
21801
21802
21806
21808
21808
21810
21812
21812
21818
21820
21822
21822
21822
21828
21832
21837
21841
21842
21844
21844
21845
21853
21854
21859
21862
21871
21876
21880
21881
21884
21884
21886
21896
21897
21900
21906
21907
21914
21920
21920
21921
21924
21930
21933
21934
21936
21939
21949
21951
21955
21957
21961
21968
21968
21969
21973
21975
21975
21975
21976
21983
21992
21994
21995
21995
21995
21997
21999
22000
22000
22001
22003
22008
22010
22012
22021
22022
22024
22024
22027
22028
22033
22037
22040
22041
22041
22048
22050
22056
22063
22068
22073
22075
22075
22075
22078
22081
22082
22084
22085
22085
22089
22090
22092
22092
22096
22100
22110
22119
22122
22124
22128
22128
22131
22136
22138
22141
22146
22148
22148
22149
22155
22167
22168
22181
22183
22187
22192
22194
22194
22198
22200
22206
22208
22209
22210
22210
22212
22217
22218
22226
22229
22231
22236
22238
22244
22256
22260
22262
22262
22266
22273
22275
22277
22279
22280
22282
22287
22288
22289
22296
22300
22306
22310
22313
22313
22314
22318
22320
22321
22323
22327
22327
22332
22332
22334
22342
22343
22343
22345
22345
22347
22350
22351
22352
22356
22358
22358
22359
22359
22363
22364
22378
22382
22388
22393
22396
22397
22398
22403
22406
22409
22409
22413
22417
22419
22419
22419
22421
22428
22431
22436
22436
22438
22440
22442
22443
22444
22445
22446
22447
22448
22452
22461
22478
22480
22481
22483
22485
22487
22489
22492
22493
22496
22504
22507
22517
22517
22538
22545
22551
22552
22554
22557
22558
22561
22562
22565
22566
22571
22574
22578
22580
22583
22583
22584
22587
22596
22596
22598
22610
22613
22614
22614
22619
22619
22624
22625
22630
22634
22635
22635
22637
22644
22645
22649
22651
22656
22658
22665
22665
22668
22672
22673
22673
22679
22679
22680
22680
22681
22682
22686
22690
22691
22692
22694
22695
22700
22705
22708
22713
22721
22721
22733
22740
22742
22749
22760
22763
22771
22776
22778
22783
22784
22793
22803
22804
22812
22813
22815
22816
22816
22818
22824
22825
22828
22838
22838
22839
22839
22845
22847
22848
22848
22855
22857
22865
22867
22868
22870
22871
22873
22876
22881
22883
22885
22891
22891
22891
22892
22894
22898
22901
22902
22911
22919
22919
22927
22938
22941
22942
22943
22945
22947
22947
22948
22952
22963
22963
22970
22971
22971
22972
22979
22980
22984
22985
22989
22993
23005
23005
23009
23018
23019
23020
23021
23021
23026
23028
23028
23029
23033
23034
23036
23037
23038
23038
23042
23045
23046
23047
23048
23050
23055
23061
23065
23067
23068
23069
23070
23070
23073
23074
23075
23077
23077
23081
23086
23088
23090
23093
23097
23099
23102
23102
23105
23113
23115
23119
23126
23129
23131
23136
23136
23138
23140
23146
23148
23151
23152
23153
23153
23155
23164
23164
23167
23167
23168
23179
23182
23187
23187
23191
23193
23196
23200
23200
23203
23204
23213
23218
23219
23219
23221
23223
23224
23225
23228
23231
23234
23235
23238
23239
23244
23245
23246
23247
23249
23252
23259
23261
23262
23264
23267
23272
23273
23275
23275
23277
23278
23278
23279
23281
23282
23286
23286
23288
23298
23298
23300
23307
23311
23314
23315
23318
23319
23320
23322
23324
23327
23334
23337
23340
23343
23350
23355
23356
23358
23358
23359
23361
23368
23369
23378
23386
23388
23393
23398
23401
23402
23403
23411
23414
23418
23418
23420
23420
23422
23422
23422
23426
23428
23430
23431
23433
23433
23434
23439
23440
23440
23440
23443
23443
23449
23458
23463
23464
23473
23475
23475
23475
23484
23486
23487
23492
23496
23496
23503
23504
23505
23520
23520
23530
23531
23540
23540
23541
23548
23548
23549
23556
23556
23563
23575
23582
23582
23586
23588
23590
23593
23598
23608
23609
23609
23612
23613
23614
23618
23623
23626
23631
23631
23632
23633
23635
23637
23638
23638
23639
23644
23649
23650
23651
23653
23653
23657
23657
23659
23659
23660
23663
23668
23668
23674
23676
23681
23686
23687
23689
23699
23704
23705
23707
23708
23711
23718
23722
23722
23724
23725
23727
23732
23735
23735
23750
23750
23751
23755
23758
23770
23770
23773
23773
23773
23777
23779
23782
23784
23784
23792
23793
23796
23797
23798
23805
23811
23813
23823
23829
23829
23832
23836
23840
23844
23853
23856
23857
23859
23862
23862
23866
23867
23869
23878
23878
23897
23900
23900
23906
23911
23915
23918
23919
23920
23921
23921
23925
23936
23942
23946
23948
23949
23950
23951
23951
23952
23953
23954
23958
23970
23970
23972
23973
23975
23977
23979
23979
23981
23982
23982
23988
23999
24006
24008
24010
24012
24025
24026
24032
24033
24035
24037
24038
24041
24041
24045
24053
24069
24069
24070
24072
24074
24081
24094
24101
24101
24102
24105
24105
24111
24113
24119
24134
24138
24144
24148
24154
24155
24158
24160
24163
24166
24167
24168
24168
24176
24181
24189
24197
24202
24207
24217
24228
24228
24231
24231
24231
24234
24235
24239
24244
24245
24246
24248
24248
24254
24258
24258
24261
24268
24269
24269
24271
24272
24273
24274
24275
24276
24276
24281
24288
24289
24290
24295
24298
24298
24302
24305
24306
24307
24307
24311
24312
24313
24323
24331
24336
24337
24337
24340
24354
24354
24355
24358
24361
24362
24363
24365
24366
24368
24372
24374
24375
24378
24392
24396
24399
24401
24402
24402
24402
24403
24406
24408
24417
24423
24424
24427
24437
24437
24439
24443
24447
24452
24455
24459
24462
24465
24465
24465
24469
24469
24470
24470
24471
24471
24473
24475
24477
24481
24486
24488
24490
24490
24498
24502
24502
24509
24509
24512
24514
24516
24523
24524
24530
24531
24534
24535
24537
24540
24540
24547
24553
24556
24556
24561
24562
24563
24564
24564
24567
24568
24569
24591
24605
24610
24611
24617
24618
24621
24626
24631
24633
24638
24638
24642
24642
24648
24649
24658
24661
24665
24668
24676
24677
24678
24678
24679
24682
24687
24698
24699
24700
24700
24700
24703
24705
24707
24711
24716
24722
24727
24730
24730
24731
24731
24732
24737
24739
24745
24751
24752
24752
24752
24754
24756
24758
24760
24761
24766
24768
24776
24776
24785
24786
24787
24796
24796
24797
24799
24799
24803
24805
24806
24810
24811
24813
24816
24817
24823
24828
24831
24832
24833
24839
24844
24845
24847
24850
24854
24855
24859
24859
24863
24864
24867
24868
24873
24874
24876
24877
24883
24885
24887
24889
24897
24897
24901
24909
24914
24915
24918
24922
24924
24924
24925
24928
24931
24935
24935
24936
24936
24938
24940
24940
24940
24941
24941
24942
24944
24946
24947
24948
24960
24964
24965
24970
24973
24979
24980
24992
24994
24995
24996
24997
25000
25008
25010
25012
25014
25021
25022
25027
25027
25028
25028
25031
25032
25037
25038
25038
25044
25045
25046
25047
25053
25054
25055
25056
25061
25065
25067
25071
25077
25081
25082
25083
25090
25105
25109
25112
25112
25114
25119
25123
25126
25126
25131
25132
25136
25140
25150
25151
25158
25160
25161
25179
25184
25184
25187
25195
25198
25200
25205
25210
25212
25217
25222
25223
25227
25229
25237
25237
25247
25247
25251
25255
25256
25257
25264
25267
25269
25273
25274
25276
25277
25277
25298
25299
25301
25301
25303
25305
25307
25308
25310
25311
25312
25315
25316
25321
25325
25325
25326
25336
25336
25337
25338
25346
25353
25355
25363
25369
25376
25377
25378
25381
25382
25383
25383
25383
25383
25390
25391
25395
25395
25395
25398
25399
25401
25405
25407
25407
25407
25408
25412
25418
25422
25426
25429
25430
25430
25436
25445
25456
25465
25471
25472
25472
25472
25475
25479
25486
25486
25489
25492
25494
25494
25495
25497
25502
25505
25514
25514
25515
25516
25516
25517
25517
25519
25522
25526
25533
25539
25539
25548
25554
25555
25555
25558
25560
25573
25574
25574
25574
25575
25577
25579
25581
25582
25584
25587
25592
25595
25599
25602
25614
25619
25620
25621
25624
25624
25625
25629
25629
25633
25634
25636
25643
25643
25646
25647
25650
25650
25651
25653
25666
25670
25671
25674
25676
25681
25681
25686
25692
25694
25694
25697
25697
25698
25699
25699
25706
25711
25721
25725
25728
25729
25731
25738
25740
25741
25744
25748
25749
25756
25758
25766
25769
25775
25777
25780
25781
25788
25788
25791
25793
25799
25805
25806
25808
25810
25812
25813
25813
25816
25824
25826
25836
25843
25847
25853
25857
25863
25872
25875
25879
25882
25883
25884
25893
25893
25904
25905
25906
25913
25915
25916
25916
25919
25922
25922
25928
25928
25932
25934
25934
25936
25938
25948
25956
25957
25959
25961
25965
25966
25966
25970
25978
25979
25982
25989
25991
25991
25993
26018
26020
26022
26026
26028
26033
26035
26040
26043
26046
26049
26050
26051
26051
26053
26055
26055
26056
26056
26061
26063
26066
26066
26070
26071
26071
26077
26078
26083
26084
26088
26090
26092
26098
26104
26107
26107
26109
26115
26118
26132
26134
26134
26145
26148
26148
26149
26152
26152
26152
26155
26158
26164
26168
26170
26175
26176
26177
26178
26181
26189
26190
26195
26196
26198
26204
26204
26206
26212
26213
26214
26215
26222
26223
26228
26233
26233
26233
26234
26240
26242
26243
26255
26261
26262
26265
26266
26271
26280
26282
26283
26283
26289
26295
26298
26299
26299
26303
26304
26310
26310
26312
26312
26312
26318
26319
26320
26320
26320
26327
26329
26334
26334
26337
26340
26340
26345
26350
26355
26356
26358
26358
26360
26364
26374
26375
26375
26378
26381
26381
26388
26389
26392
26392
26397
26397
26397
26400
26400
26404
26405
26411
26415
26421
26421
26425
26425
26427
26432
26438
26440
26448
26451
26451
26454
26454
26461
26465
26466
26472
26478
26480
26488
26488
26493
26493
26499
26500
26503
26505
26513
26513
26516
26517
26517
26519
26520
26526
26531
26534
26540
26540
26543
26547
26552
26555
26562
26563
26564
26565
26567
26568
26569
26570
26571
26574
26574
26582
26583
26584
26586
26586
26596
26599
26604
26608
26611
26620
26623
26623
26624
26627
26628
26630
26631
26638
26642
26643
26647
26648
26650
26655
26656
26662
26666
26667
26667
26674
26680
26680
26683
26685
26688
26700
26701
26703
26703
26704
26706
26708
26711
26715
26715
26715
26717
26717
26723
26728
26736
26743
26748
26756
26760
26764
26765
26769
26772
26776
26777
26778
26779
26785
26790
26790
26793
26796
26799
26799
26801
26805
26805
26807
26808
26809
26809
26810
26810
26811
26815
26818
26819
26828
26829
26830
26831
26833
26833
26836
26842
26843
26843
26851
26862
26864
26869
26870
26880
26882
26882
26884
26884
26887
26887
26891
26894
26897
26900
26905
26907
26907
26913
26917
26917
26934
26936
26937
26939
26947
26951
26951
26952
26952
26959
26966
26968
26970
26974
26986
26989
26993
26995
26998
26999
27000
27008
27018
27022
27025
27028
27034
27042
27042
27048
27049
27056
27058
27058
27060
27060
27060
27061
27061
27065
27071
27073
27076
27077
27079
27082
27095
27096
27097
27097
27101
27102
27103
27105
27107
27110
27113
27117
27118
27119
27119
27120
27126
27128
27130
27131
27131
27131
27132
27133
27135
27136
27137
27139
27141
27144
27160
27164
27168
27176
27179
27184
27189
27190
27194
27201
27207
27209
27211
27212
27213
27214
27216
27217
27219
27222
27223
27224
27226
27226
27227
27228
27234
27236
27238
27239
27245
27248
27250
27256
27262
27263
27265
27274
27275
27275
27276
27277
27288
27289
27291
27299
27301
27306
27307
27308
27310
27320
27324
27324
27333
27334
27335
27337
27338
27339
27341
27344
27347
27347
27348
27348
27349
27349
27351
27358
27362
27366
27367
27370
27373
27374
27374
27377
27378
27381
27384
27387
27388
27390
27392
27394
27394
27397
27398
27399
27399
27399
27399
27405
27415
27416
27418
27424
27427
27432
27441
27446
27451
27454
27455
27460
27461
27463
27463
27465
27472
27472
27474
27474
27474
27475
27480
27481
27482
27484
27485
27486
27487
27488
27489
27492
27494
27497
27498
27500
27506
27506
27508
27520
27521
27524
27527
27528
27528
27529
27531
27534
27536
27540
27545
27546
27551
27555
27559
27568
27568
27570
27573
27573
27575
27575
27577
27580
27580
27583
27584
27584
27586
27589
27591
27592
27605
27605
27606
27618
27626
27627
27627
27630
27630
27633
27635
27645
27650
27652
27655
27658
27659
27668
27675
27679
27679
27681
27685
27686
27687
27694
27695
27698
27700
27701
27702
27703
27706
27714
27720
27724
27724
27729
27732
27735
27737
27738
27744
27746
27758
27762
27764
27773
27773
27780
27780
27785
27785
27788
27789
27790
27793
27797
27797
27797
27798
27800
27802
27803
27808
27809
27810
27814
27817
27817
27817
27820
27820
27822
27828
27829
27838
27838
27840
27851
27852
27854
27856
27865
27866
27866
27872
27874
27879
27882
27885
27885
27886
27888
27894
27896
27897
27898
27901
27901
27902
27910
27915
27924
27927
27927
27929
27930
27931
27933
27937
27937
27939
27940
27943
27948
27948
27953
27955
27959
27960
27968
27971
27974
27975
27977
27978
27987
27988
27990
27995
28006
28008
28009
28012
28019
28024
28030
28030
28032
28035
28036
28037
28038
28038
28039
28045
28052
28060
28063
28068
28071
28073
28080
28083
28088
28089
28090
28094
28095
28108
28109
28110
28119
28120
28124
28125
28126
28129
28131
28134
28137
28138
28139
28141
28146
28150
28151
28152
28156
28161
28161
28163
28164
28170
28170
28171
28172
28174
28175
28176
28176
28177
28178
28180
28181
28187
28192
28193
28196
28203
28221
28226
28227
28228
28228
28231
28232
28232
28233
28235
28237
28238
28255
28257
28258
28261
28262
28266
28266
28268
28276
28278
28279
28280
28286
28287
28288
28290
28305
28310
28312
28312
28315
28316
28326
28326
28330
28331
28333
28334
28338
28341
28343
28344
28361
28367
28367
28368
28371
28371
28373
28385
28387
28393
28396
28400
28402
28405
28407
28407
28413
28414
28421
28428
28432
28433
28435
28435
28435
28436
28436
28440
28444
28444
28445
28446
28446
28453
28457
28458
28460
28464
28468
28470
28472
28476
28483
28486
28494
28497
28500
28504
28506
28507
28513
28513
28519
28521
28536
28541
28542
28546
28548
28553
28553
28555
28556
28556
28557
28558
28558
28559
28561
28562
28567
28570
28574
28584
28600
28601
28606
28609
28609
28610
28612
28618
28622
28638
28642
28643
28645
28651
28653
28655
28657
28658
28658
28659
28665
28666
28669
28679
28683
28684
28687
28692
28695
28698
28701
28703
28707
28710
28710
28712
28713
28715
28719
28724
28724
28728
28730
28738
28740
28744
28744
28746
28748
28748
28753
28753
28763
28766
28771
28774
28774
28775
28778
28778
28781
28785
28786
28796
28796
28798
28804
28804
28809
28813
28814
28818
28824
28828
28829
28831
28832
28832
28838
28854
28854
28856
28856
28863
28864
28869
28869
28871
28875
28880
28887
28887
28894
28895
28895
28896
28899
28903
28904
28910
28912
28915
28917
28919
28923
28926
28927
28929
28937
28940
28946
28956
28961
28963
28964
28967
28968
28970
28973
28973
28974
28974
28978
28980
28981
28988
28992
28997
28998
28999
29000
29005
29008
29008
29013
29013
29014
29024
29025
29031
29032
29032
29035
29038
29041
29046
29047
29054
29056
29057
29069
29071
29072
29073
29076
29082
29094
29094
29095
29106
29112
29117
29118
29122
29123
29129
29129
29131
29136
29136
29137
29137
29137
29138
29147
29155
29156
29158
29160
29164
29183
29183
29189
29195
29198
29200
29202
29205
29209
29209
29210
29219
29221
29228
29229
29234
29236
29238
29241
29244
29245
29247
29248
29251
29255
29257
29259
29268
29272
29275
29275
29277
29277
29278
29278
29279
29281
29281
29283
29284
29286
29287
29292
29300
29301
29313
29318
29318
29322
29324
29325
29325
29326
29334
29343
29343
29344
29350
29358
29358
29359
29368
29370
29377
29378
29379
29384
29386
29391
29394
29395
29396
29399
29399
29405
29405
29413
29413
29415
29419
29421
29421
29426
29427
29430
29431
29435
29437
29439
29451
29452
29457
29458
29458
29458
29458
29471
29473
29480
29481
29483
29486
29486
29487
29489
29489
29491
29493
29493
29493
29499
29503
29505
29507
29507
29508
29509
29521
29529
29530
29536
29537
29537
29543
29548
29549
29551
29554
29556
29556
29557
29559
29560
29562
29562
29573
29580
29586
29587
29589
29590
29599
29601
29610
29613
29615
29628
29636
29637
29639
29642
29642
29642
29642
29643
29647
29658
29659
29661
29661
29661
29662
29666
29666
29668
29672
29674
29677
29680
29680
29684
29691
29692
29693
29693
29696
29697
29706
29707
29710
29714
29714
29714
29715
29718
29719
29721
29722
29725
29726
29729
29740
29740
29740
29743
29743
29750
29752
29754
29756
29758
29761
29762
29770
29771
29772
29772
29773
29775
29776
29782
29782
29783
29787
29794
29794
29800
29802
29806
29806
29810
29814
29814
29818
29818
29822
29823
29830
29830
29833
29839
29841
29848
29849
29851
29853
29859
29861
29869
29870
29872
29878
29881
29881
29883
29886
29886
29890
29897
29907
29915
29919
29925
29934
29940
29943
29948
29951
29952
29966
29966
29973
29975
29976
29977
29982
29990
29994
