29994
29990
29982
29977
29976
29975
29973
29966
29966
29952
29951
29948
29943
29940
29934
29925
29919
29915
29907
29897
29890
29886
29886
29883
29881
29881
29878
29872
29870
29869
29861
29859
29853
29851
29849
29848
29841
29839
29833
29830
29830
29823
29822
29818
29818
29814
29814
29810
29806
29806
29802
29800
29794
29794
29787
29783
29782
29782
29776
29775
29773
29772
29772
29771
29770
29762
29761
29758
29756
29754
29752
29750
29743
29743
29740
29740
29740
29729
29726
29725
29722
29721
29719
29718
29715
29714
29714
29714
29710
29707
29706
29697
29696
29693
29693
29692
29691
29684
29680
29680
29677
29674
29672
29668
29666
29666
29662
29661
29661
29661
29659
29658
29647
29643
29642
29642
29642
29642
29639
29637
29636
29628
29615
29613
29610
29601
29599
29590
29589
29587
29586
29580
29573
29562
29562
29560
29559
29557
29556
29556
29554
29551
29549
29548
29543
29537
29537
29536
29530
29529
29521
29509
29508
29507
29507
29505
29503
29499
29493
29493
29493
29491
29489
29489
29487
29486
29486
29483
29481
29480
29473
29471
29458
29458
29458
29458
29457
29452
29451
29439
29437
29435
29431
29430
29427
29426
29421
29421
29419
29415
29413
29413
29405
29405
29399
29399
29396
29395
29394
29391
29386
29384
29379
29378
29377
29370
29368
29359
29358
29358
29350
29344
29343
29343
29334
29326
29325
29325
29324
29322
29318
29318
29313
29301
29300
29292
29287
29286
29284
29283
29281
29281
29279
29278
29278
29277
29277
29275
29275
29272
29268
29259
29257
29255
29251
29248
29247
29245
29244
29241
29238
29236
29234
29229
29228
29221
29219
29210
29209
29209
29205
29202
29200
29198
29195
29189
29183
29183
29164
29160
29158
29156
29155
29147
29138
29137
29137
29137
29136
29136
29131
29129
29129
29123
29122
29118
29117
29112
29106
29095
29094
29094
29082
29076
29073
29072
29071
29069
29057
29056
29054
29047
29046
29041
29038
29035
29032
29032
29031
29025
29024
29014
29013
29013
29008
29008
29005
29000
28999
28998
28997
28992
28988
28981
28980
28978
28974
28974
28973
28973
28970
28968
28967
28964
28963
28961
28956
28946
28940
28937
28929
28927
28926
28923
28919
28917
28915
28912
28910
28904
28903
28899
28896
28895
28895
28894
28887
28887
28880
28875
28871
28869
28869
28864
28863
28856
28856
28854
28854
28838
28832
28832
28831
28829
28828
28824
28818
28814
28813
28809
28804
28804
28798
28796
28796
28786
28785
28781
28778
28778
28775
28774
28774
28771
28766
28763
28753
28753
28748
28748
28746
28744
28744
28740
28738
28730
28728
28724
28724
28719
28715
28713
28712
28710
28710
28707
28703
28701
28698
28695
28692
28687
28684
28683
28679
28669
28666
28665
28659
28658
28658
28657
28655
28653
28651
28645
28643
28642
28638
28622
28618
28612
28610
28609
28609
28606
28601
28600
28584
28574
28570
28567
28562
28561
28559
28558
28558
28557
28556
28556
28555
28553
28553
28548
28546
28542
28541
28536
28521
28519
28513
28513
28507
28506
28504
28500
28497
28494
28486
28483
28476
28472
28470
28468
28464
28460
28458
28457
28453
28446
28446
28445
28444
28444
28440
28436
28436
28435
28435
28435
28433
28432
28428
28421
28414
28413
28407
28407
28405
28402
28400
28396
28393
28387
28385
28373
28371
28371
28368
28367
28367
28361
28344
28343
28341
28338
28334
28333
28331
28330
28326
28326
28316
28315
28312
28312
28310
28305
28290
28288
28287
28286
28280
28279
28278
28276
28268
28266
28266
28262
28261
28258
28257
28255
28238
28237
28235
28233
28232
28232
28231
28228
28228
28227
28226
28221
28203
28196
28193
28192
28187
28181
28180
28178
28177
28176
28176
28175
28174
28172
28171
28170
28170
28164
28163
28161
28161
28156
28152
28151
28150
28146
28141
28139
28138
28137
28134
28131
28129
28126
28125
28124
28120
28119
28110
28109
28108
28095
28094
28090
28089
28088
28083
28080
28073
28071
28068
28063
28060
28052
28045
28039
28038
28038
28037
28036
28035
28032
28030
28030
28024
28019
28012
28009
28008
28006
27995
27990
27988
27987
27978
27977
27975
27974
27971
27968
27960
27959
27955
27953
27948
27948
27943
27940
27939
27937
27937
27933
27931
27930
27929
27927
27927
27924
27915
27910
27902
27901
27901
27898
27897
27896
27894
27888
27886
27885
27885
27882
27879
27874
27872
27866
27866
27865
27856
27854
27852
27851
27840
27838
27838
27829
27828
27822
27820
27820
27817
27817
27817
27814
27810
27809
27808
27803
27802
27800
27798
27797
27797
27797
27793
27790
27789
27788
27785
27785
27780
27780
27773
27773
27764
27762
27758
27746
27744
27738
27737
27735
27732
27729
27724
27724
27720
27714
27706
27703
27702
27701
27700
27698
27695
27694
27687
27686
27685
27681
27679
27679
27675
27668
27659
27658
27655
27652
27650
27645
27635
27633
27630
27630
27627
27627
27626
27618
27606
27605
27605
27592
27591
27589
27586
27584
27584
27583
27580
27580
27577
27575
27575
27573
27573
27570
27568
27568
27559
27555
27551
27546
27545
27540
27536
27534
27531
27529
27528
27528
27527
27524
27521
27520
27508
27506
27506
27500
27498
27497
27494
27492
27489
27488
27487
27486
27485
27484
27482
27481
27480
27475
27474
27474
27474
27472
27472
27465
27463
27463
27461
27460
27455
27454
27451
27446
27441
27432
27427
27424
27418
27416
27415
27405
27399
27399
27399
27399
27398
27397
27394
27394
27392
27390
27388
27387
27384
27381
27378
27377
27374
27374
27373
27370
27367
27366
27362
27358
27351
27349
27349
27348
27348
27347
27347
27344
27341
27339
27338
27337
27335
27334
27333
27324
27324
27320
27310
27308
27307
27306
27301
27299
27291
27289
27288
27277
27276
27275
27275
27274
27265
27263
27262
27256
27250
27248
27245
27239
27238
27236
27234
27228
27227
27226
27226
27224
27223
27222
27219
27217
27216
27214
27213
27212
27211
27209
27207
27201
27194
27190
27189
27184
27179
27176
27168
27164
27160
27144
27141
27139
27137
27136
27135
27133
27132
27131
27131
27131
27130
27128
27126
27120
27119
27119
27118
27117
27113
27110
27107
27105
27103
27102
27101
27097
27097
27096
27095
27082
27079
27077
27076
27073
27071
27065
27061
27061
27060
27060
27060
27058
27058
27056
27049
27048
27042
27042
27034
27028
27025
27022
27018
27008
27000
26999
26998
26995
26993
26989
26986
26974
26970
26968
26966
26959
26952
26952
26951
26951
26947
26939
26937
26936
26934
26917
26917
26913
26907
26907
26905
26900
26897
26894
26891
26887
26887
26884
26884
26882
26882
26880
26870
26869
26864
26862
26851
26843
26843
26842
26836
26833
26833
26831
26830
26829
26828
26819
26818
26815
26811
26810
26810
26809
26809
26808
26807
26805
26805
26801
26799
26799
26796
26793
26790
26790
26785
26779
26778
26777
26776
26772
26769
26765
26764
26760
26756
26748
26743
26736
26728
26723
26717
26717
26715
26715
26715
26711
26708
26706
26704
26703
26703
26701
26700
26688
26685
26683
26680
26680
26674
26667
26667
26666
26662
26656
26655
26650
26648
26647
26643
26642
26638
26631
26630
26628
26627
26624
26623
26623
26620
26611
26608
26604
26599
26596
26586
26586
26584
26583
26582
26574
26574
26571
26570
26569
26568
26567
26565
26564
26563
26562
26555
26552
26547
26543
26540
26540
26534
26531
26526
26520
26519
26517
26517
26516
26513
26513
26505
26503
26500
26499
26493
26493
26488
26488
26480
26478
26472
26466
26465
26461
26454
26454
26451
26451
26448
26440
26438
26432
26427
26425
26425
26421
26421
26415
26411
26405
26404
26400
26400
26397
26397
26397
26392
26392
26389
26388
26381
26381
26378
26375
26375
26374
26364
26360
26358
26358
26356
26355
26350
26345
26340
26340
26337
26334
26334
26329
26327
26320
26320
26320
26319
26318
26312
26312
26312
26310
26310
26304
26303
26299
26299
26298
26295
26289
26283
26283
26282
26280
26271
26266
26265
26262
26261
26255
26243
26242
26240
26234
26233
26233
26233
26228
26223
26222
26215
26214
26213
26212
26206
26204
26204
26198
26196
26195
26190
26189
26181
26178
26177
26176
26175
26170
26168
26164
26158
26155
26152
26152
26152
26149
26148
26148
26145
26134
26134
26132
26118
26115
26109
26107
26107
26104
26098
26092
26090
26088
26084
26083
26078
26077
26071
26071
26070
26066
26066
26063
26061
26056
26056
26055
26055
26053
26051
26051
26050
26049
26046
26043
26040
26035
26033
26028
26026
26022
26020
26018
25993
25991
25991
25989
25982
25979
25978
25970
25966
25966
25965
25961
25959
25957
25956
25948
25938
25936
25934
25934
25932
25928
25928
25922
25922
25919
25916
25916
25915
25913
25906
25905
25904
25893
25893
25884
25883
25882
25879
25875
25872
25863
25857
25853
25847
25843
25836
25826
25824
25816
25813
25813
25812
25810
25808
25806
25805
25799
25793
25791
25788
25788
25781
25780
25777
25775
25769
25766
25758
25756
25749
25748
25744
25741
25740
25738
25731
25729
25728
25725
25721
25711
25706
25699
25699
25698
25697
25697
25694
25694
25692
25686
25681
25681
25676
25674
25671
25670
25666
25653
25651
25650
25650
25647
25646
25643
25643
25636
25634
25633
25629
25629
25625
25624
25624
25621
25620
25619
25614
25602
25599
25595
25592
25587
25584
25582
25581
25579
25577
25575
25574
25574
25574
25573
25560
25558
25555
25555
25554
25548
25539
25539
25533
25526
25522
25519
25517
25517
25516
25516
25515
25514
25514
25505
25502
25497
25495
25494
25494
25492
25489
25486
25486
25479
25475
25472
25472
25472
25471
25465
25456
25445
25436
25430
25430
25429
25426
25422
25418
25412
25408
25407
25407
25407
25405
25401
25399
25398
25395
25395
25395
25391
25390
25383
25383
25383
25383
25382
25381
25378
25377
25376
25369
25363
25355
25353
25346
25338
25337
25336
25336
25326
25325
25325
25321
25316
25315
25312
25311
25310
25308
25307
25305
25303
25301
25301
25299
25298
25277
25277
25276
25274
25273
25269
25267
25264
25257
25256
25255
25251
25247
25247
25237
25237
25229
25227
25223
25222
25217
25212
25210
25205
25200
25198
25195
25187
25184
25184
25179
25161
25160
25158
25151
25150
25140
25136
25132
25131
25126
25126
25123
25119
25114
25112
25112
25109
25105
25090
25083
25082
25081
25077
25071
25067
25065
25061
25056
25055
25054
25053
25047
25046
25045
25044
25038
25038
25037
25032
25031
25028
25028
25027
25027
25022
25021
25014
25012
25010
25008
25000
24997
24996
24995
24994
24992
24980
24979
24973
24970
24965
24964
24960
24948
24947
24946
24944
24942
24941
24941
24940
24940
24940
24938
24936
24936
24935
24935
24931
24928
24925
24924
24924
24922
24918
24915
24914
24909
24901
24897
24897
24889
24887
24885
24883
24877
24876
24874
24873
24868
24867
24864
24863
24859
24859
24855
24854
24850
24847
24845
24844
24839
24833
24832
24831
24828
24823
24817
24816
24813
24811
24810
24806
24805
24803
24799
24799
24797
24796
24796
24787
24786
24785
24776
24776
24768
24766
24761
24760
24758
24756
24754
24752
24752
24752
24751
24745
24739
24737
24732
24731
24731
24730
24730
24727
24722
24716
24711
24707
24705
24703
24700
24700
24700
24699
24698
24687
24682
24679
24678
24678
24677
24676
24668
24665
24661
24658
24649
24648
24642
24642
24638
24638
24633
24631
24626
24621
24618
24617
24611
24610
24605
24591
24569
24568
24567
24564
24564
24563
24562
24561
24556
24556
24553
24547
24540
24540
24537
24535
24534
24531
24530
24524
24523
24516
24514
24512
24509
24509
24502
24502
24498
24490
24490
24488
24486
24481
24477
24475
24473
24471
24471
24470
24470
24469
24469
24465
24465
24465
24462
24459
24455
24452
24447
24443
24439
24437
24437
24427
24424
24423
24417
24408
24406
24403
24402
24402
24402
24401
24399
24396
24392
24378
24375
24374
24372
24368
24366
24365
24363
24362
24361
24358
24355
24354
24354
24340
24337
24337
24336
24331
24323
24313
24312
24311
24307
24307
24306
24305
24302
24298
24298
24295
24290
24289
24288
24281
24276
24276
24275
24274
24273
24272
24271
24269
24269
24268
24261
24258
24258
24254
24248
24248
24246
24245
24244
24239
24235
24234
24231
24231
24231
24228
24228
24217
24207
24202
24197
24189
24181
24176
24168
24168
24167
24166
24163
24160
24158
24155
24154
24148
24144
24138
24134
24119
24113
24111
24105
24105
24102
24101
24101
24094
24081
24074
24072
24070
24069
24069
24053
24045
24041
24041
24038
24037
24035
24033
24032
24026
24025
24012
24010
24008
24006
23999
23988
23982
23982
23981
23979
23979
23977
23975
23973
23972
23970
23970
23958
23954
23953
23952
23951
23951
23950
23949
23948
23946
23942
23936
23925
23921
23921
23920
23919
23918
23915
23911
23906
23900
23900
23897
23878
23878
23869
23867
23866
23862
23862
23859
23857
23856
23853
23844
23840
23836
23832
23829
23829
23823
23813
23811
23805
23798
23797
23796
23793
23792
23784
23784
23782
23779
23777
23773
23773
23773
23770
23770
23758
23755
23751
23750
23750
23735
23735
23732
23727
23725
23724
23722
23722
23718
23711
23708
23707
23705
23704
23699
23689
23687
23686
23681
23676
23674
23668
23668
23663
23660
23659
23659
23657
23657
23653
23653
23651
23650
23649
23644
23639
23638
23638
23637
23635
23633
23632
23631
23631
23626
23623
23618
23614
23613
23612
23609
23609
23608
23598
23593
23590
23588
23586
23582
23582
23575
23563
23556
23556
23549
23548
23548
23541
23540
23540
23531
23530
23520
23520
23505
23504
23503
23496
23496
23492
23487
23486
23484
23475
23475
23475
23473
23464
23463
23458
23449
23443
23443
23440
23440
23440
23439
23434
23433
23433
23431
23430
23428
23426
23422
23422
23422
23420
23420
23418
23418
23414
23411
23403
23402
23401
23398
23393
23388
23386
23378
23369
23368
23361
23359
23358
23358
23356
23355
23350
23343
23340
23337
23334
23327
23324
23322
23320
23319
23318
23315
23314
23311
23307
23300
23298
23298
23288
23286
23286
23282
23281
23279
23278
23278
23277
23275
23275
23273
23272
23267
23264
23262
23261
23259
23252
23249
23247
23246
23245
23244
23239
23238
23235
23234
23231
23228
23225
23224
23223
23221
23219
23219
23218
23213
23204
23203
23200
23200
23196
23193
23191
23187
23187
23182
23179
23168
23167
23167
23164
23164
23155
23153
23153
23152
23151
23148
23146
23140
23138
23136
23136
23131
23129
23126
23119
23115
23113
23105
23102
23102
23099
23097
23093
23090
23088
23086
23081
23077
23077
23075
23074
23073
23070
23070
23069
23068
23067
23065
23061
23055
23050
23048
23047
23046
23045
23042
23038
23038
23037
23036
23034
23033
23029
23028
23028
23026
23021
23021
23020
23019
23018
23009
23005
23005
22993
22989
22985
22984
22980
22979
22972
22971
22971
22970
22963
22963
22952
22948
22947
22947
22945
22943
22942
22941
22938
22927
22919
22919
22911
22902
22901
22898
22894
22892
22891
22891
22891
22885
22883
22881
22876
22873
22871
22870
22868
22867
22865
22857
22855
22848
22848
22847
22845
22839
22839
22838
22838
22828
22825
22824
22818
22816
22816
22815
22813
22812
22804
22803
22793
22784
22783
22778
22776
22771
22763
22760
22749
22742
22740
22733
22721
22721
22713
22708
22705
22700
22695
22694
22692
22691
22690
22686
22682
22681
22680
22680
22679
22679
22673
22673
22672
22668
22665
22665
22658
22656
22651
22649
22645
22644
22637
22635
22635
22634
22630
22625
22624
22619
22619
22614
22614
22613
22610
22598
22596
22596
22587
22584
22583
22583
22580
22578
22574
22571
22566
22565
22562
22561
22558
22557
22554
22552
22551
22545
22538
22517
22517
22507
22504
22496
22493
22492
22489
22487
22485
22483
22481
22480
22478
22461
22452
22448
22447
22446
22445
22444
22443
22442
22440
22438
22436
22436
22431
22428
22421
22419
22419
22419
22417
22413
22409
22409
22406
22403
22398
22397
22396
22393
22388
22382
22378
22364
22363
22359
22359
22358
22358
22356
22352
22351
22350
22347
22345
22345
22343
22343
22342
22334
22332
22332
22327
22327
22323
22321
22320
22318
22314
22313
22313
22310
22306
22300
22296
22289
22288
22287
22282
22280
22279
22277
22275
22273
22266
22262
22262
22260
22256
22244
22238
22236
22231
22229
22226
22218
22217
22212
22210
22210
22209
22208
22206
22200
22198
22194
22194
22192
22187
22183
22181
22168
22167
22155
22149
22148
22148
22146
22141
22138
22136
22131
22128
22128
22124
22122
22119
22110
22100
22096
22092
22092
22090
22089
22085
22085
22084
22082
22081
22078
22075
22075
22075
22073
22068
22063
22056
22050
22048
22041
22041
22040
22037
22033
22028
22027
22024
22024
22022
22021
22012
22010
22008
22003
22001
22000
22000
21999
21997
21995
21995
21995
21994
21992
21983
21976
21975
21975
21975
21973
21969
21968
21968
21961
21957
21955
21951
21949
21939
21936
21934
21933
21930
21924
21921
21920
21920
21914
21907
21906
21900
21897
21896
21886
21884
21884
21881
21880
21876
21871
21862
21859
21854
21853
21845
21844
21844
21842
21841
21837
21832
21828
21822
21822
21822
21820
21818
21812
21812
21810
21808
21808
21806
21802
21801
21801
21800
21794
21792
21791
21790
21790
21788
21775
21775
21764
21762
21761
21757
21755
21753
21752
21752
21750
21750
21750
21745
21741
21739
21736
21732
21732
21731
21731
21728
21728
21727
21723
21715
21713
21709
21708
21707
21706
21703
21696
21695
21693
21687
21686
21683
21677
21676
21674
21663
21658
21658
21656
21653
21652
21651
21645
21644
21644
21642
21641
21638
21635
21633
21632
21626
21625
21624
21623
21619
21619
21615
21615
21602
21599
21595
21593
21585
21583
21581
21579
21577
21575
21574
21572
21568
21562
21557
21551
21544
21542
21542
21541
21540
21537
21527
21523
21521
21519
21513
21509
21505
21497
21494
21493
21492
21490
21488
21488
21483
21480
21478
21475
21473
21470
21467
21467
21467
21466
21462
21462
21457
21450
21450
21450
21448
21448
21446
21445
21440
21439
21435
21434
21434
21434
21434
21429
21417
21414
21413
21411
21408
21408
21404
21401
21393
21388
21387
21383
21382
21377
21374
21374
21371
21365
21364
21360
21356
21354
21350
21349
21347
21345
21344
21342
21341
21339
21338
21331
21329
21329
21327
21325
21324
21324
21321
21320
21316
21309
21309
21308
21307
21302
21301
21299
21298
21295
21293
21293
21287
21287
21281
21279
21273
21271
21270
21269
21261
21258
21256
21256
21251
21243
21242
21240
21238
21235
21230
21230
21228
21227
21223
21223
21223
21221
21218
21216
21208
21199
21195
21194
21193
21193
21193
21187
21186
21182
21180
21178
21178
21177
21170
21170
21169
21165
21164
21163
21163
21160
21159
21157
21157
21155
21154
21146
21126
21124
21123
21123
21123
21122
21107
21101
21100
21099
21092
21091
21091
21089
21088
21086
21085
21084
21084
21082
21078
21078
21077
21076
21074
21073
21071
21069
21067
21067
21061
21054
21049
21047
21043
21042
21040
21039
21039
21035
21033
21032
21027
21025
21022
21018
21007
21003
21001
20999
20998
20993
20993
20990
20988
20983
20982
20981
20981
20981
20981
20978
20976
20974
20970
20969
20968
20966
20965
20959
20946
20944
20942
20941
20940
20938
20937
20935
20933
20932
20922
20914
20910
20903
20902
20901
20899
20892
20892
20888
20887
20885
20883
20882
20881
20879
20878
20870
20865
20865
20862
20862
20862
20861
20858
20856
20854
20843
20842
20840
20837
20833
20831
20828
20828
20817
20815
20813
20812
20808
20805
20792
20792
20789
20789
20782
20781
20779
20778
20777
20775
20769
20769
20768
20767
20767
20764
20761
20759
20756
20753
20751
20747
20741
20740
20739
20737
20736
20735
20732
20731
20728
20725
20725
20723
20722
20707
20707
20703
20702
20699
20699
20699
20699
20698
20690
20689
20680
20675
20674
20672
20672
20667
20663
20661
20656
20651
20650
20648
20647
20646
20646
20642
20636
20628
20628
20624
20619
20615
20615
20613
20610
20609
20605
20605
20602
20592
20590
20586
20579
20578
20577
20576
20572
20570
20565
20557
20553
20553
20553
20551
20550
20545
20542
20539
20527
20520
20518
20517
20515
20504
20504
20503
20499
20497
20492
20488
20487
20482
20474
20465
20461
20461
20460
20457
20454
20452
20451
20450
20446
20444
20441
20438
20435
20434
20432
20421
20398
20391
20388
20388
20384
20374
20369
20369
20367
20366
20366
20360
20356
20353
20353
20346
20344
20339
20338
20338
20330
20330
20326
20325
20324
20320
20320
20315
20313
20309
20307
20300
20297
20296
20296
20295
20295
20288
20287
20286
20276
20276
20268
20267
20264
20263
20257
20250
20250
20247
20247
20245
20245
20239
20230
20228
20226
20224
20224
20222
20219
20216
20212
20207
20198
20197
20196
20194
20187
20182
20180
20180
20180
20179
20175
20174
20173
20167
20155
20150
20149
20148
20148
20144
20139
20138
20137
20132
20128
20128
20126
20123
20121
20113
20110
20109
20108
20103
20099
20097
20096
20093
20090
20089
20084
20082
20079
20070
20059
20054
20053
20052
20052
20048
20046
20029
20019
20016
20013
20007
19999
19996
19995
19993
19993
19987
19985
19982
19976
19970
19969
19965
19964
19964
19963
19960
19951
19944
19942
19942
19935
19932
19931
19927
19923
19921
19917
19913
19910
19906
19903
19902
19897
19894
19892
19886
19873
19872
19869
19860
19855
19854
19851
19850
19848
19848
19847
19845
19838
19838
19836
19834
19833
19825
19820
19820
19808
19807
19807
19804
19804
19803
19803
19799
19798
19795
19792
19789
19782
19781
19776
19774
19764
19753
19748
19747
19746
19741
19740
19731
19729
19723
19723
19722
19722
19719
19719
19717
19714
19711
19709
19706
19705
19705
19699
19696
19696
19692
19689
19680
19678
19678
19677
19673
19673
19673
19673
19672
19665
19656
19654
19648
19648
19642
19642
19632
19632
19631
19625
19621
19618
19618
19614
19611
19610
19607
19604
19601
19598
19594
19594
19594
19592
19590
19577
19577
19576
19571
19570
19568
19567
19565
19560
19560
19557
19555
19549
19549
19548
19544
19538
19538
19537
19537
19533
19533
19531
19530
19530
19530
19527
19525
19524
19523
19519
19519
19509
19508
19507
19503
19500
19497
19494
19493
19492
19485
19483
19483
19481
19479
19470
19454
19449
19444
19440
19434
19431
19426
19425
19424
19423
19422
19415
19410
19408
19404
19398
19396
19383
19380
19372
19370
19365
19364
19363
19363
19362
19362
19361
19357
19356
19352
19350
19348
19347
19346
19340
19340
19340
19337
19331
19329
19329
19327
19325
19321
19319
19314
19313
19311
19309
19296
19293
19289
19287
19286
19285
19275
19273
19273
19272
19267
19266
19265
19265
19264
19258
19255
19253
19252
19247
19244
19236
19235
19233
19227
19222
19221
19219
19217
19212
19205
19203
19197
19196
19190
19185
19184
19183
19174
19170
19160
19155
19155
19151
19147
19145
19144
19143
19135
19133
19130
19128
19122
19121
19119
19114
19113
19113
19111
19110
19109
19107
19105
19100
19099
19099
19098
19097
19093
19089
19087
19085
19079
19076
19070
19068
19063
19059
19057
19055
19054
19054
19043
19037
19036
19035
19028
19023
19021
19019
19019
19018
19017
19015
19015
19009
19007
19003
19003
18998
18994
18993
18987
18982
18976
18974
18971
18968
18968
18966
18965
18965
18961
18957
18957
18957
18956
18956
18955
18951
18950
18950
18949
18948
18946
18945
18945
18940
18937
18931
18929
18926
18920
18919
18918
18914
18910
18909
18906
18900
18900
18900
18898
18887
18884
18881
18878
18871
18869
18861
18853
18851
18849
18847
18846
18846
18840
18831
18830
18830
18827
18827
18827
18825
18824
18823
18822
18821
18812
18810
18808
18801
18800
18793
18792
18791
18790
18788
18784
18782
18782
18779
18772
18763
18759
18759
18754
18754
18752
18749
18748
18740
18735
18730
18723
18722
18721
18716
18714
18707
18706
18705
18703
18700
18699
18697
18693
18691
18686
18685
18681
18680
18679
18679
18674
18673
18665
18659
18657
18646
18645
18643
18643
18642
18640
18640
18638
18638
18635
18630
18621
18621
18617
18616
18613
18611
18605
18603
18603
18601
18601
18600
18597
18597
18593
18590
18588
18588
18585
18583
18581
18573
18572
18571
18571
18565
18562
18560
18559
18556
18554
18553
18548
18546
18544
18544
18542
18541
18537
18535
18531
18531
18531
18526
18525
18523
18521
18521
18513
18506
18504
18499
18495
18493
18482
18480
18478
18477
18472
18466
18461
18455
18450
18447
18447
18446
18440
18438
18434
18433
18429
18429
18429
18425
18417
18414
18413
18408
18402
18390
18387
18385
18380
18377
18375
18362
18355
18353
18351
18347
18346
18344
18343
18341
18332
18320
18318
18312
18306
18306
18302
18300
18294
18292
18287
18286
18282
18280
18280
18278
18276
18276
18274
18273
18272
18269
18266
18265
18263
18263
18263
18258
18257
18253
18252
18250
18249
18248
18248
18242
18237
18235
18235
18233
18233
18230
18227
18227
18220
18214
18209
18197
18191
18191
18176
18171
18169
18168
18164
18160
18160
18160
18155
18151
18149
18147
18144
18142
18141
18140
18138
18135
18132
18131
18129
18120
18119
18118
18118
18117
18112
18110
18108
18108
18107
18106
18100
18100
18099
18099
18098
18097
18096
18095
18095
18087
18082
18074
18073
18072
18070
18064
18058
18055
18052
18049
18045
18042
18042
18040
18039
18037
18037
18032
18030
18030
18026
18024
18021
18020
18016
18011
18010
18005
18004
18002
18002
17999
17992
17989
17988
17985
17982
17979
17977
17976
17975
17973
17970
17958
17956
17951
17949
17949
17944
17943
17939
17935
17930
17928
17921
17906
17905
17896
17893
17893
17892
17885
17879
17879
17875
17873
17871
17870
17865
17864
17860
17849
17848
17841
17841
17839
17831
17830
17825
17822
17817
17810
17809
17809
17806
17805
17800
17796
17791
17787
17786
17786
17785
17775
17768
17763
17761
17752
17751
17743
17741
17740
17736
17736
17727
17724
17722
17721
17721
17718
17718
17718
17714
17714
17712
17710
17705
17704
17703
17693
17693
17692
17690
17688
17674
17670
17669
17669
17666
17664
17661
17661
17657
17656
17656
17655
17647
17645
17642
17639
17635
17634
17632
17625
17623
17622
17605
17601
17589
17589
17587
17587
17586
17583
17582
17580
17572
17571
17565
17563
17563
17554
17544
17543
17540
17538
17535
17533
17530
17530
17529
17522
17522
17515
17509
17505
17504
17498
17496
17495
17492
17492
17489
17484
17481
17481
17480
17476
17472
17470
17466
17465
17457
17457
17455
17448
17446
17437
17427
17424
17422
17422
17405
17402
17402
17401
17400
17396
17395
17393
17390
17382
17380
17377
17376
17371
17370
17370
17368
17368
17367
17365
17357
17356
17354
17351
17348
17346
17345
17343
17343
17342
17341
17339
17338
17332
17331
17330
17326
17322
17318
17318
17317
17304
17304
17304
17300
17299
17293
17292
17290
17286
17283
17280
17279
17276
17274
17273
17271
17269
17268
17267
17265
17263
17263
17262
17260
17259
17258
17257
17257
17255
17254
17242
17238
17229
17227
17224
17213
17211
17206
17205
17199
17193
17189
17187
17187
17186
17185
17183
17180
17177
17174
17170
17170
17169
17165
17165
17160
17159
17157
17156
17154
17152
17145
17144
17142
17142
17138
17136
17132
17126
17125
17113
17112
17109
17109
17108
17107
17104
17104
17101
17092
17092
17091
17091
17090
17082
17077
17075
17074
17069
17063
17062
17062
17059
17055
17050
17046
17038
17023
17021
17017
17013
17012
17003
16990
16987
16986
16986
16982
16982
16980
16975
16974
16974
16970
16970
16967
16963
16961
16956
16955
16954
16954
16950
16945
16944
16943
16942
16941
16940
16937
16937
16937
16936
16935
16935
16934
16934
16932
16931
16928
16926
16923
16920
16918
16916
16914
16913
16909
16908
16905
16903
16900
16898
16894
16891
16891
16890
16890
16890
16885
16878
16876
16876
16875
16871
16865
16864
16863
16863
16862
16859
16858
16855
16849
16840
16839
16839
16837
16836
16835
16833
16833
16831
16826
16821
16814
16813
16804
16803
16795
16794
16790
16789
16787
16785
16784
16779
16778
16777
16776
16775
16774
16772
16772
16769
16765
16765
16763
16760
16757
16756
16753
16752
16752
16743
16742
16740
16738
16735
16734
16729
16729
16729
16727
16726
16722
16721
16721
16718
16717
16717
16715
16707
16707
16707
16705
16699
16690
16689
16686
16683
16680
16671
16669
16666
16665
16661
16658
16657
16656
16653
16650
16645
16644
16642
16642
16639
16638
16638
16632
16627
16621
16619
16618
16614
16614
16613
16611
16601
16597
16591
16582
16581
16580
16577
16575
16574
16571
16568
16563
16560
16558
16557
16554
16550
16547
16546
16542
16540
16538
16537
16533
16529
16528
16526
16524
16523
16520
16518
16517
16517
16514
16512
16510
16503
16503
16503
16503
16502
16501
16499
16495
16487
16477
16473
16471
16470
16470
16467
16462
16461
16460
16456
16453
16453
16452
16450
16446
16441
16439
16434
16434
16430
16425
16424
16422
16418
16414
16413
16412
16410
16406
16406
16400
16398
16396
16395
16393
16392
16389
16388
16382
16378
16377
16375
16373
16373
16365
16363
16360
16353
16350
16350
16350
16349
16347
16342
16338
16337
16335
16326
16326
16326
16322
16319
16315
16310
16308
16307
16303
16301
16300
16294
16290
16285
16284
16278
16275
16272
16269
16263
16261
16259
16257
16248
16245
16242
16238
16237
16234
16233
16229
16226
16223
16220
16219
16216
16213
16211
16208
16204
16200
16199
16196
16196
16192
16188
16183
16182
16182
16181
16180
16179
16178
16174
16174
16174
16173
16173
16172
16172
16171
16168
16168
16168
16166
16164
16163
16162
16149
16147
16135
16134
16130
16130
16129
16129
16127
16126
16122
16121
16107
16104
16104
16102
16100
16098
16086
16085
16083
16082
16082
16080
16074
16074
16071
16069
16068
16066
16060
16059
16054
16052
16050
16048
16046
16044
16042
16039
16036
16033
16027
16025
16020
16018
16018
16016
16014
16013
16004
16003
16001
15995
15988
15986
15986
15984
15981
15980
15979
15978
15972
15970
15966
15953
15948
15945
15943
15942
15940
15937
15936
15935
15934
15934
15932
15930
15930
15925
15918
15918
15907
15901
15899
15896
15890
15890
15889
15888
15888
15888
15881
15875
15872
15869
15868
15867
15866
15865
15862
15862
15860
15858
15857
15853
15849
15849
15847
15845
15843
15840
15837
15830
15827
15825
15825
15825
15823
15823
15820
15818
15816
15810
15808
15806
15796
15795
15788
15787
15787
15786
15786
15785
15779
15778
15777
15777
15775
15771
15770
15769
15768
15768
15763
15762
15759
15758
15758
15742
15737
15735
15734
15732
15728
15726
15724
15723
15717
15715
15714
15711
15711
15709
15707
15701
15695
15694
15686
15683
15681
15678
15666
15665
15664
15664
15663
15656
15654
15650
15640
15638
15637
15636
15635
15633
15630
15620
15615
15614
15602
15601
15594
15594
15593
15591
15589
15589
15588
15587
15584
15583
15578
15577
15571
15569
15562
15560
15554
15553
15552
15548
15544
15544
15537
15532
15527
15526
15523
15521
15518
15516
15516
15515
15515
15513
15512
15510
15508
15506
15503
15499
15498
15497
15490
15489
15488
15487
15483
15480
15480
15479
15473
15472
15470
15465
15462
15457
15457
15449
15448
15441
15440
15440
15438
15433
15433
15426
15423
15420
15416
15415
15413
15412
15402
15401
15400
15397
15394
15391
15381
15379
15378
15371
15366
15362
15356
15356
15355
15354
15351
15349
15348
15337
15335
15332
15331
15322
15315
15312
15311
15306
15297
15295
15295
15295
15293
15289
15286
15286
15284
15283
15279
15273
15272
15270
15264
15263
15257
15255
15255
15253
15251
15249
15246
15245
15238
15237
15236
15235
15232
15232
15227
15224
15224
15214
15213
15212
15211
15206
15205
15204
15197
15195
15193
15193
15192
15187
15181
15179
15176
15175
15175
15174
15173
15172
15168
15164
15164
15164
15162
15159
15157
15154
15154
15151
15150
15150
15147
15145
15137
15136
15136
15133
15128
15125
15123
15118
15115
15114
15110
15109
15106
15101
15095
15094
15091
15086
15084
15083
15082
15081
15081
15077
15076
15075
15072
15068
15067
15062
15058
15057
15052
15051
15044
15043
15042
15039
15038
15035
15033
15033
15020
15017
15017
15015
15005
15002
14998
14997
14987
14984
14983
14982
14978
14977
14976
14976
14973
14970
14970
14968
14968
14964
14957
14955
14952
14949
14942
14940
14936
14927
14927
14924
14923
14921
14915
14910
14910
14908
14907
14905
14904
14903
14903
14903
14903
14894
14888
14886
14881
14878
14876
14875
14870
14870
14869
14868
14863
14863
14859
14856
14856
14854
14853
14849
14847
14839
14839
14835
14830
14826
14823
14821
14817
14814
14804
14801
14801
14798
14797
14795
14794
14793
14791
14785
14784
14766
14765
14764
14759
14757
14756
14747
14742
14741
14739
14736
14734
14731
14726
14725
14723
14722
14719
14714
14714
14708
14705
14704
14704
14704
14693
14693
14690
14688
14683
14671
14671
14670
14669
14667
14663
14661
14660
14657
14654
14653
14652
14652
14650
14648
14644
14644
14642
14642
14639
14638
14637
14636
14636
14633
14631
14625
14624
14620
14618
14617
14609
14602
14600
14597
14593
14591
14589
14587
14587
14586
14585
14576
14575
14571
14569
14568
14565
14565
14564
14562
14558
14556
14550
14542
14537
14532
14529
14525
14523
14522
14520
14518
14518
14516
14515
14515
14512
14506
14503
14503
14499
14493
14490
14486
14482
14482
14479
14470
14466
14466
14459
14458
14448
14439
14438
14438
14437
14437
14436
14435
14435
14434
14432
14431
14431
14431
14429
14427
14422
14420
14415
14414
14414
14412
14409
14398
14391
14390
14388
14386
14383
14381
14379
14378
14375
14372
14371
14371
14370
14364
14363
14359
14357
14356
14355
14350
14348
14348
14346
14342
14341
14337
14335
14333
14333
14332
14326
14326
14313
14312
14311
14309
14301
14293
14278
14275
14275
14275
14275
14271
14265
14262
14258
14257
14257
14256
14256
14252
14244
14243
14238
14231
14226
14215
14213
14209
14209
14208
14208
14208
14205
14202
14202
14200
14197
14197
14197
14195
14192
14182
14181
14176
14168
14163
14161
14161
14160
14158
14151
14150
14144
14142
14137
14137
14135
14135
14131
14129
14123
14122
14119
14116
14116
14114
14109
14107
14104
14101
14099
14097
14095
14086
14085
14085
14083
14083
14079
14077
14072
14070
14068
14061
14060
14060
14056
14055
14055
14049
14047
14045
14044
14039
14037
14034
14033
14030
14013
14010
14006
14000
13999
13998
13995
13994
13992
13991
13990
13990
13989
13980
13978
13976
13974
13973
13968
13964
13960
13960
13958
13957
13955
13954
13950
13945
13944
13941
13940
13940
13936
13935
13933
13923
13913
13912
13911
13908
13908
13907
13907
13906
13905
13896
13895
13894
13887
13886
13884
13878
13878
13877
13877
13872
13871
13869
13861
13858
13857
13855
13854
13846
13845
13845
13844
13844
13841
13840
13839
13834
13833
13827
13826
13826
13825
13824
13823
13818
13817
13816
13813
13807
13807
13806
13803
13800
13800
13798
13797
13795
13793
13789
13788
13782
13775
13774
13771
13771
13768
13765
13762
13755
13754
13746
13744
13738
13737
13735
13733
13726
13725
13722
13718
13717
13713
13708
13707
13706
13703
13697
13697
13688
13688
13687
13686
13684
13681
13681
13677
13675
13674
13673
13673
13671
13670
13666
13663
13663
13661
13659
13655
13654
13652
13650
13649
13645
13644
13632
13628
13626
13622
13613
13609
13598
13597
13596
13595
13595
13594
13594
13591
13590
13586
13585
13583
13571
13569
13565
13565
13564
13563
13559
13558
13554
13552
13550
13550
13544
13540
13538
13535
13527
13525
13524
13519
13516
13516
13514
13514
13513
13512
13505
13504
13493
13493
13488
13486
13484
13480
13478
13478
13466
13464
13464
13461
13457
13455
13455
13453
13444
13441
13441
13435
13432
13429
13428
13425
13422
13420
13418
13417
13416
13416
13406
13405
13403
13402
13394
13390
13389
13384
13383
13374
13372
13369
13368
13365
13360
13359
13357
13356
13351
13348
13347
13335
13331
13322
13317
13315
13312
13307
13305
13304
13302
13298
13296
13293
13284
13283
13277
13276
13273
13272
13268
13267
13267
13263
13260
13258
13257
13256
13252
13246
13241
13234
13233
13232
13230
13223
13222
13219
13217
13216
13215
13212
13212
13211
13210
13209
13203
13196
13193
13191
13191
13190
13188
13183
13182
13179
13174
13173
13171
13169
13167
13160
13156
13155
13155
13153
13152
13149
13148
13144
13140
13138
13133
13131
13128
13127
13125
13119
13118
13115
13114
13111
13110
13108
13105
13091
13089
13077
13074
13070
13067
13064
13058
13056
13055
13054
13035
13034
13025
13025
13021
13018
13018
13017
13016
13016
13012
13005
13000
13000
13000
12995
12994
12993
12990
12989
12988
12986
12980
12979
12977
12968
12958
12954
12952
12949
12948
12947
12946
12945
12941
12938
12937
12937
12937
12933
12931
12924
12917
12916
12914
12914
12905
12905
12904
12904
12903
12902
12902
12897
12891
12890
12885
12883
12878
12877
12875
12875
12873
12872
12871
12870
12869
12852
12838
12836
12836
12834
12832
12831
12826
12825
12819
12815
12812
12807
12804
12800
12798
12795
12794
12793
12792
12790
12787
12784
12781
12780
12779
12779
12775
12774
12774
12768
12767
12765
12761
12757
12747
12746
12744
12742
12738
12734
12725
12722
12720
12719
12715
12715
12709
12709
12708
12707
12706
12700
12696
12695
12694
12694
12692
12684
12679
12678
12664
12664
12660
12659
12653
12638
12634
12632
12627
12626
12625
12621
12621
12620
12618
12618
12618
12616
12616
12613
12611
12610
12603
12602
12600
12593
12592
12587
12586
12586
12586
12582
12578
12577
12574
12569
12564
12561
12557
12553
12548
12545
12530
12530
12526
12526
12519
12519
12516
12516
12516
12513
12509
12504
12499
12498
12498
12497
12494
12493
12486
12481
12474
12468
12467
12467
12466
12464
12462
12460
12456
12455
12450
12445
12445
12441
12435
12434
12433
12426
12426
12419
12419
12418
12415
12408
12408
12407
12404
12402
12399
12397
12389
12386
12386
12385
12377
12374
12365
12360
12359
12348
12343
12339
12336
12334
12333
12331
12327
12325
12322
12318
12315
12313
12306
12305
12303
12301
12300
12298
12292
12290
12290
12287
12286
12283
12281
12277
12275
12273
12269
12264
12261
12255
12254
12248
12240
12238
12236
12223
12222
12222
12221
12220
12213
12212
12208
12207
12205
12203
12196
12186
12184
12183
12171
12165
12163
12158
12156
12156
12150
12140
12139
12130
12125
12124
12117
12117
12115
12115
12111
12110
12107
12103
12092
12089
12083
12076
12075
12075
12074
12073
12073
12071
12065
12065
12064
12061
12061
12053
12050
12050
12048
12044
12042
12040
12039
12036
12028
12026
12023
12019
12011
12011
12008
12006
12005
12005
11988
11986
11984
11983
11980
11980
11978
11978
11977
11976
11974
11972
11968
11968
11968
11968
11967
11965
11963
11961
11957
11955
11946
11944
11932
11929
11926
11924
11917
11913
11912
11905
11894
11893
11893
11889
11885
11884
11875
11875
11875
11872
11864
11863
11862
11860
11857
11855
11853
11852
11849
11842
11839
11834
11833
11832
11828
11823
11822
11821
11807
11801
11798
11798
11797
11797
11791
11791
11789
11785
11778
11774
11774
11772
11770
11768
11768
11767
11761
11759
11756
11751
11743
11731
11725
11723
11722
11721
11719
11716
11715
11703
11701
11701
11697
11696
11694
11692
11691
11688
11687
11679
11679
11677
11675
11674
11664
11663
11662
11658
11657
11656
11653
11651
11641
11638
11637
11636
11631
11630
11626
11626
11624
11622
11616
11615
11614
11613
11611
11609
11609
11603
11601
11598
11596
11591
11591
11588
11573
11571
11561
11555
11554
11551
11548
11543
11542
11540
11539
11536
11535
11528
11524
11523
11510
11510
11509
11509
11509
11508
11505
11502
11496
11491
11490
11489
11486
11478
11473
11472
11470
11467
11467
11466
11464
11452
11449
11442
11442
11438
11437
11437
11435
11434
11434
11431
11429
11427
11421
11415
11408
11408
11402
11401
11385
11385
11381
11375
11374
11365
11361
11357
11354
11351
11346
11343
11342
11341
11340
11336
11332
11329
11327
11325
11321
11317
11317
11307
11306
11302
11302
11297
11294
11293
11286
11286
11279
11278
11278
11273
11270
11266
11265
11265
11264
11264
11263
11261
11259
11258
11240
11240
11239
11237
11225
11225
11223
11220
11219
11215
11214
11214
11206
11189
11186
11183
11180
11180
11175
11170
11167
11166
11166
11165
11162
11151
11150
11149
11144
11144
11142
11141
11139
11138
11138
11137
11137
11133
11133
11131
11130
11128
11125
11123
11118
11102
11100
11096
11096
11094
11087
11085
11085
11083
11079
11077
11073
11073
11070
11066
11065
11065
11062
11061
11057
11053
11052
11051
11049
11048
11047
11044
11039
11034
11033
11030
11022
11021
11020
11020
11019
11016
11016
11013
11012
11011
11010
11009
11009
11007
11000
10995
10983
10974
10973
10966
10962
10962
10961
10959
10955
10954
10949
10947
10936
10936
10930
10921
10920
10919
10918
10915
10911
10909
10908
10906
10906
10895
10893
10890
10889
10887
10886
10881
10876
10873
10871
10866
10865
10860
10859
10859
10858
10857
10857
10856
10854
10853
10851
10847
10844
10843
10841
10840
10836
10833
10831
10821
10821
10818
10817
10817
10816
10814
10810
10805
10800
10800
10797
10790
10790
10788
10786
10782
10780
10779
10779
10776
10773
10771
10771
10767
10759
10756
10748
10747
10745
10741
10740
10740
10739
10737
10735
10728
10728
10726
10720
10720
10718
10717
10715
10715
10714
10712
10710
10706
10706
10705
10692
10691
10687
10681
10678
10677
10669
10669
10668
10667
10666
10664
10660
10657
10656
10655
10651
10646
10642
10639
10639
10635
10631
10630
10628
10625
10619
10615
10611
10606
10605
10601
10600
10599
10592
10590
10589
10589
10581
10576
10574
10572
10572
10571
10570
10568
10565
10565
10560
10559
10558
10552
10550
10548
10540
10538
10535
10532
10532
10530
10528
10528
10527
10527
10525
10522
10505
10495
10490
10488
10487
10481
10477
10474
10465
10465
10454
10451
10450
10450
10449
10448
10431
10428
10428
10427
10426
10417
10417
10417
10411
10409
10404
10398
10394
10390
10387
10387
10386
10384
10384
10384
10383
10380
10377
10374
10368
10363
10361
10359
10357
10355
10354
10345
10342
10342
10328
10327
10326
10325
10321
10313
10310
10310
10309
10306
10299
10295
10293
10293
10290
10286
10283
10280
10279
10276
10273
10269
10268
10265
10265
10263
10262
10262
10257
10255
10254
10253
10252
10249
10248
10246
10244
10243
10239
10239
10233
10233
10232
10221
10212
10210
10208
10200
10199
10187
10186
10185
10183
10181
10178
10174
10172
10170
10158
10157
10154
10153
10152
10149
10146
10145
10135
10131
10130
10128
10125
10122
10119
10118
10115
10109
10105
10104
10097
10094
10092
10092
10088
10086
10082
10080
10074
10072
10071
10070
10068
10067
10066
10061
10061
10046
10045
10044
10040
10033
10032
10030
10028
10027
10023
10021
10017
10016
10015
10015
10010
10009
10006
9998
9993
9985
9980
9978
9976
9974
9972
9963
9962
9954
9948
9946
9939
9921
9919
9919
9916
9916
9914
9908
9908
9907
9906
9897
9895
9895
9894
9893
9890
9890
9889
9888
9887
9883
9879
9867
9865
9863
9863
9860
9857
9853
9844
9841
9832
9826
9826
9825
9822
9818
9817
9816
9815
9813
9809
9806
9804
9804
9804
9799
9794
9792
9791
9788
9783
9780
9777
9777
9776
9774
9773
9769
9767
9766
9765
9762
9759
9757
9755
9744
9744
9732
9730
9730
9724
9724
9723
9717
9712
9708
9703
9699
9698
9693
9686
9681
9680
9676
9676
9672
9668
9664
9663
9660
9660
9659
9656
9642
9639
9636
9627
9627
9626
9626
9625
9624
9618
9616
9615
9614
9614
9612
9609
9605
9604
9601
9599
9596
9594
9593
9590
9588
9585
9582
9578
9578
9577
9571
9568
9566
9561
9559
9558
9554
9553
9553
9551
9549
9546
9543
9542
9541
9535
9535
9529
9529
9528
9525
9524
9521
9516
9511
9511
9492
9485
9476
9474
9470
9468
9467
9466
9465
9464
9462
9459
9448
9447
9443
9441
9441
9436
9433
9431
9430
9428
9423
9417
9417
9415
9406
9403
9401
9400
9397
9395
9394
9388
9387
9386
9382
9382
9379
9367
9359
9358
9357
9357
9357
9354
9351
9351
9349
9345
9341
9338
9329
9323
9317
9312
9312
9311
9309
9308
9306
9301
9296
9294
9293
9290
9287
9278
9270
9268
9263
9262
9255
9253
9249
9249
9247
9242
9240
9237
9236
9235
9230
9227
9226
9224
9223
9223
9221
9213
9213
9213
9212
9204
9194
9192
9190
9187
9185
9185
9171
9166
9164
9157
9157
9156
9155
9152
9150
9148
9146
9145
9141
9135
9133
9127
9124
9122
9117
9114
9111
9111
9107
9099
9099
9096
9096
9094
9090
9087
9086
9083
9082
9078
9077
9076
9075
9073
9068
9063
9062
9059
9058
9057
9056
9051
9046
9044
9037
9036
9032
9030
9030
9028
9028
9027
9027
9025
9024
9024
9021
9020
9018
9017
9015
9014
9012
8999
8992
8992
8990
8987
8984
8983
8983
8978
8978
8976
8976
8974
8967
8963
8959
8959
8958
8958
8946
8939
8933
8931
8930
8926
8925
8923
8919
8915
8910
8904
8897
8896
8896
8894
8886
8886
8878
8875
8874
8870
8869
8866
8864
8860
8858
8848
8840
8840
8840
8838
8837
8832
8829
8823
8822
8822
8820
8816
8812
8807
8803
8802
8795
8789
8789
8789
8787
8786
8786
8784
8783
8782
8782
8782
8775
8773
8771
8771
8762
8762
8762
8759
8755
8749
8747
8746
8745
8745
8743
8743
8742
8739
8735
8727
8726
8717
8701
8696
8695
8694
8694
8692
8688
8686
8682
8678
8673
8671
8666
8663
8656
8656
8654
8654
8651
8650
8643
8639
8638
8637
8634
8633
8628
8624
8615
8613
8609
8609
8606
8604
8604
8600
8600
8590
8588
8588
8587
8586
8571
8560
8559
8558
8557
8540
8540
8537
8537
8533
8532
8530
8526
8523
8521
8514
8510
8509
8507
8506
8504
8504
8503
8502
8501
8499
8491
8485
8480
8471
8471
8469
8468
8467
8465
8465
8463
8455
8449
8442
8441
8434
8431
8428
8425
8422
8419
8418
8416
8413
8407
8402
8399
8399
8398
8396
8389
8385
8384
8380
8380
8374
8373
8370
8369
8360
8358
8356
8351
8350
8345
8343
8342
8341
8329
8326
8326
8325
8322
8317
8315
8315
8304
8302
8302
8299
8294
8294
8286
8282
8279
8278
8277
8273
8271
8261
8260
8257
8241
8239
8239
8238
8227
8219
8217
8217
8216
8214
8211
8211
8211
8210
8208
8201
8201
8198
8196
8191
8187
8186
8179
8176
8174
8162
8160
8154
8138
8138
8137
8132
8126
8118
8116
8115
8113
8111
8110
8107
8099
8098
8094
8092
8091
8090
8086
8085
8082
8082
8069
8069
8063
8063
8063
8060
8059
8058
8055
8039
8039
8038
8032
8030
8028
8023
8022
8021
8015
8009
8008
8006
7998
7992
7990
7990
7989
7988
7987
7978
7975
7971
7970
7960
7955
7952
7951
7947
7943
7942
7938
7934
7930
7926
7923
7918
7918
7914
7911
7906
7904
7901
7889
7889
7887
7886
7886
7881
7881
7881
7875
7875
7874
7872
7868
7863
7863
7860
7860
7853
7849
7844
7841
7839
7836
7826
7826
7825
7820
7818
7817
7815
7806
7804
7799
7798
7797
7796
7791
7790
7788
7783
7780
7779
7773
7766
7766
7763
7762
7759
7759
7758
7758
7751
7751
7742
7737
7735
7716
7714
7711
7704
7703
7695
7692
7689
7689
7688
7688
7685
7684
7683
7676
7673
7667
7666
7663
7663
7659
7657
7656
7656
7655
7654
7653
7650
7643
7640
7634
7634
7633
7630
7629
7628
7626
7619
7614
7612
7605
7600
7598
7592
7582
7579
7578
7577
7573
7562
7559
7559
7559
7557
7556
7554
7552
7551
7551
7548
7544
7542
7538
7535
7532
7527
7525
7521
7519
7517
7511
7510
7510
7509
7506
7505
7502
7499
7495
7494
7492
7490
7490
7489
7489
7487
7485
7482
7479
7477
7476
7476
7475
7475
7473
7473
7467
7466
7465
7465
7460
7459
7453
7449
7447
7446
7431
7430
7429
7426
7425
7419
7419
7415
7414
7410
7410
7406
7405
7404
7403
7403
7400
7399
7398
7394
7393
7392
7387
7383
7380
7378
7375
7374
7372
7365
7362
7362
7360
7348
7347
7341
7341
7315
7308
7306
7305
7302
7300
7297
7296
7292
7292
7287
7284
7282
7281
7279
7277
7277
7273
7271
7270
7270
7262
7260
7258
7254
7249
7248
7238
7236
7236
7234
7226
7222
7220
7219
7218
7216
7215
7215
7214
7212
7210
7209
7205
7204
7204
7204
7203
7196
7191
7188
7184
7184
7184
7182
7181
7174
7173
7173
7171
7168
7167
7159
7159
7158
7154
7153
7150
7147
7144
7132
7132
7131
7126
7125
7123
7119
7118
7117
7114
7108
7106
7106
7101
7100
7095
7088
7087
7086
7078
7075
7061
7060
7057
7053
7053
7052
7051
7043
7029
7028
7023
7022
7019
7013
7011
7007
7006
7004
6996
6985
6983
6981
6969
6964
6958
6957
6957
6956
6955
6946
6946
6935
6934
6932
6931
6926
6923
6922
6921
6921
6917
6913
6912
6910
6908
6904
6903
6896
6893
6891
6890
6881
6870
6870
6868
6861
6859
6853
6837
6834
6832
6826
6825
6822
6821
6820
6816
6816
6813
6813
6811
6809
6795
6794
6794
6791
6787
6786
6784
6782
6777
6773
6771
6770
6767
6765
6765
6762
6751
6749
6745
6745
6744
6743
6740
6737
6730
6728
6724
6724
6723
6718
6712
6706
6704
6704
6702
6702
6702
6700
6696
6693
6689
6685
6683
6682
6679
6673
6672
6670
6664
6654
6654
6650
6650
6648
6645
6644
6641
6641
6640
6637
6633
6631
6631
6630
6630
6626
6626
6626
6617
6615
6604
6596
6588
6582
6572
6567
6564
6561
6544
6537
6531
6529
6527
6524
6522
6521
6519
6515
6511
6511
6510
6505
6504
6498
6498
6496
6493
6492
6491
6489
6488
6487
6483
6482
6480
6480
6477
6476
6471
6468
6466
6465
6464
6463
6463
6461
6454
6454
6444
6443
6442
6440
6437
6436
6433
6430
6419
6418
6412
6411
6405
6402
6400
6393
6392
6390
6390
6390
6390
6388
6387
6387
6385
6380
6376
6370
6368
6367
6366
6364
6363
6361
6358
6353
6352
6348
6346
6342
6342
6330
6326
6325
6320
6317
6317
6315
6311
6309
6309
6307
6304
6302
6292
6289
6289
6287
6286
6286
6284
6283
6282
6279
6277
6277
6276
6273
6272
6268
6264
6264
6261
6258
6257
6257
6257
6256
6254
6254
6254
6252
6250
6249
6247
6246
6243
6242
6236
6235
6234
6233
6232
6232
6231
6231
6219
6217
6216
6215
6213
6208
6202
6201
6198
6195
6195
6192
6191
6189
6185
6185
6182
6181
6181
6181
6180
6176
6174
6174
6171
6171
6169
6153
6149
6147
6141
6138
6133
6131
6131
6123
6122
6120
6115
6108
6108
6105
6104
6102
6098
6098
6097
6096
6090
6085
6081
6080
6076
6065
6065
6065
6061
6055
6053
6053
6051
6047
6043
6039
6039
6038
6038
6032
6029
6028
6027
6024
6021
6018
6018
6008
6006
6006
6003
5999
5999
5996
5995
5992
5991
5989
5985
5968
5964
5964
5959
5958
5957
5954
5952
5952
5951
5938
5933
5931
5931
5928
5926
5926
5921
5920
5914
5913
5911
5909
5901
5901
5900
5890
5889
5881
5879
5879
5878
5878
5871
5863
5861
5858
5843
5841
5840
5838
5837
5837
5836
5834
5832
5831
5830
5822
5821
5820
5818
5815
5815
5813
5812
5809
5800
5800
5799
5798
5795
5793
5793
5791
5785
5782
5765
5765
5763
5761
5761
5756
5754
5753
5749
5745
5743
5742
5739
5734
5733
5731
5731
5729
5727
5723
5719
5710
5708
5707
5705
5705
5701
5699
5696
5693
5692
5682
5682
5681
5678
5671
5667
5666
5665
5664
5658
5654
5639
5636
5634
5633
5630
5628
5626
5624
5616
5616
5615
5612
5611
5610
5600
5599
5593
5580
5569
5568
5567
5566
5566
5566
5565
5557
5555
5551
5546
5546
5544
5543
5539
5532
5522
5521
5520
5508
5499
5497
5482
5479
5478
5477
5475
5474
5471
5467
5464
5460
5460
5459
5454
5450
5448
5445
5444
5443
5435
5430
5424
5421
5417
5416
5415
5415
5414
5413
5407
5405
5405
5404
5404
5403
5397
5396
5396
5395
5389
5383
5377
5377
5376
5373
5373
5372
5368
5364
5360
5358
5351
5351
5349
5343
5340
5333
5330
5325
5324
5323
5323
5320
5317
5316
5307
5307
5303
5302
5297
5288
5286
5285
5285
5282
5275
5275
5275
5271
5268
5264
5264
5261
5261
5259
5259
5255
5254
5250
5250
5246
5246
5243
5241
5238
5235
5232
5230
5229
5221
5220
5216
5214
5212
5207
5206
5204
5201
5200
5199
5199
5198
5193
5190
5187
5185
5180
5180
5176
5176
5173
5171
5167
5160
5158
5154
5152
5146
5145
5141
5133
5128
5124
5113
5111
5109
5108
5108
5107
5107
5107
5102
5099
5093
5092
5091
5088
5087
5082
5075
5074
5064
5060
5059
5051
5050
5041
5036
5035
5035
5031
5028
5027
5023
5021
5021
5020
5017
5010
5005
5001
4987
4987
4985
4980
4980
4979
4978
4978
4975
4967
4964
4962
4962
4955
4954
4948
4945
4945
4943
4941
4941
4937
4934
4930
4930
4927
4925
4924
4922
4909
4908
4908
4908
4907
4906
4905
4901
4899
4899
4897
4890
4883
4873
4870
4858
4857
4851
4849
4849
4846
4842
4838
4835
4826
4823
4823
4822
4818
4818
4818
4817
4815
4814
4812
4810
4809
4809
4805
4802
4801
4798
4798
4794
4793
4790
4790
4788
4783
4781
4781
4781
4780
4774
4770
4766
4765
4765
4764
4762
4761
4759
4758
4756
4756
4755
4752
4751
4746
4740
4730
4728
4726
4724
4723
4720
4719
4718
4713
4709
4708
4702
4701
4699
4696
4695
4690
4687
4680
4679
4678
4670
4669
4668
4664
4663
4663
4662
4662
4661
4657
4657
4656
4655
4649
4646
4646
4645
4644
4638
4636
4634
4629
4628
4620
4620
4619
4617
4615
4613
4609
4605
4600
4591
4588
4583
4579
4578
4571
4569
4568
4568
4560
4559
4554
4550
4548
4545
4536
4534
4530
4524
4521
4515
4513
4507
4505
4504
4496
4493
4490
4490
4488
4482
4482
4470
4465
4465
4464
4463
4462
4445
4437
4434
4431
4430
4427
4424
4423
4422
4422
4419
4416
4413
4412
4410
4409
4409
4407
4406
4401
4398
4393
4388
4383
4381
4379
4379
4378
4373
4372
4362
4355
4353
4351
4348
4346
4340
4334
4328
4320
4319
4316
4313
4309
4306
4300
4298
4298
4291
4289
4287
4287
4285
4281
4276
4273
4272
4270
4269
4262
4257
4254
4249
4248
4247
4246
4243
4242
4242
4241
4241
4240
4239
4236
4235
4235
4229
4229
4223
4221
4217
4214
4208
4205
4201
4201
4197
4196
4196
4195
4191
4189
4186
4167
4164
4163
4161
4159
4158
4153
4149
4149
4142
4140
4140
4137
4120
4119
4118
4114
4113
4113
4106
4103
4099
4095
4093
4090
4087
4078
4068
4065
4065
4065
4054
4053
4052
4048
4047
4046
4043
4041
4040
4036
4034
4033
4033
4029
4027
4021
4019
4019
4010
4010
4007
4003
4000
3994
3990
3988
3983
3980
3974
3967
3966
3958
3948
3945
3943
3942
3928
3924
3920
3915
3905
3904
3902
3901
3890
3890
3887
3884
3884
3880
3877
3874
3872
3859
3858
3857
3850
3847
3847
3846
3844
3843
3842
3840
3839
3838
3836
3833
3829
3821
3821
3805
3801
3799
3797
3792
3787
3784
3777
3776
3776
3773
3772
3770
3755
3755
3730
3730
3713
3712
3708
3704
3703
3700
3698
3698
3698
3697
3696
3695
3688
3684
3684
3681
3680
3672
3672
3666
3664
3664
3661
3660
3657
3655
3652
3651
3650
3647
3640
3640
3636
3636
3632
3627
3627
3625
3620
3620
3619
3618
3617
3612
3606
3603
3600
3596
3594
3593
3589
3589
3584
3583
3579
3570
3567
3557
3555
3552
3552
3544
3544
3541
3540
3532
3531
3527
3527
3523
3516
3514
3511
3511
3509
3509
3509
3507
3504
3493
3485
3481
3481
3479
3478
3474
3465
3464
3462
3460
3454
3451
3444
3441
3440
3440
3439
3433
3431
3430
3426
3426
3418
3418
3412
3404
3401
3401
3400
3394
3391
3387
3387
3378
3377
3370
3368
3368
3345
3342
3336
3332
3329
3329
3324
3324
3321
3315
3311
3308
3307
3306
3306
3297
3296
3294
3287
3286
3278
3277
3274
3273
3272
3268
3259
3256
3254
3246
3244
3243
3237
3236
3229
3226
3223
3221
3219
3218
3214
3208
3206
3201
3199
3197
3195
3194
3192
3175
3174
3166
3164
3155
3154
3151
3151
3148
3143
3140
3139
3139
3139
3134
3133
3131
3129
3124
3123
3119
3118
3116
3112
3109
3104
3100
3099
3095
3080
3080
3070
3065
3065
3062
3061
3056
3052
3051
3049
3039
3038
3038
3034
3034
3020
3020
3018
3016
3012
3009
3004
3001
2998
2992
2981
2978
2975
2964
2961
2953
2953
2953
2950
2946
2932
2929
2927
2925
2918
2916
2915
2909
2908
2904
2903
2903
2902
2899
2897
2896
2892
2882
2882
2870
2857
2850
2845
2841
2837
2835
2834
2825
2823
2819
2819
2813
2812
2810
2799
2795
2787
2785
2782
2782
2772
2772
2754
2752
2748
2740
2733
2730
2728
2722
2718
2716
2714
2709
2706
2702
2695
2695
2695
2693
2692
2689
2687
2687
2685
2684
2684
2681
2681
2679
2678
2677
2672
2670
2668
2668
2667
2667
2664
2661
2659
2658
2656
2656
2655
2655
2655
2649
2643
2641
2639
2637
2635
2630
2624
2620
2618
2614
2614
2613
2608
2599
2597
2594
2590
2588
2587
2587
2586
2584
2582
2581
2579
2578
2578
2572
2568
2565
2557
2552
2551
2544
2539
2535
2535
2519
2518
2515
2514
2511
2509
2507
2506
2506
2504
2503
2500
2499
2491
2488
2486
2478
2473
2471
2468
2467
2467
2466
2461
2458
2458
2457
2456
2453
2442
2441
2436
2434
2433
2431
2429
2427
2420
2415
2413
2411
2407
2406
2405
2400
2399
2396
2395
2392
2390
2387
2384
2377
2376
2372
2367
2357
2355
2342
2341
2339
2337
2337
2331
2331
2328
2328
2328
2326
2315
2313
2303
2300
2299
2298
2294
2292
2290
2290
2290
2286
2284
2280
2280
2278
2272
2272
2269
2269
2267
2266
2265
2265
2264
2262
2260
2258
2255
2243
2240
2240
2239
2239
2237
2236
2234
2234
2230
2226
2226
2225
2225
2220
2215
2215
2215
2211
2210
2203
2203
2197
2195
2192
2188
2185
2180
2177
2175
2169
2168
2168
2166
2160
2152
2149
2141
2140
2136
2135
2130
2127
2127
2126
2121
2120
2104
2101
2098
2096
2095
2094
2091
2091
2089
2088
2084
2080
2078
2076
2075
2071
2067
2063
2062
2059
2059
2055
2051
2050
2049
2048
2048
2043
2043
2042
2039
2036
2020
2020
2018
2017
2014
2012
2012
2008
2008
2007
2004
1997
1996
1992
1983
1980
1977
1971
1970
1969
1968
1967
1961
1958
1958
1957
1947
1945
1943
1941
1940
1933
1932
1930
1930
1929
1928
1923
1921
1917
1914
1914
1913
1912
1908
1901
1900
1899
1894
1892
1892
1892
1890
1890
1886
1886
1880
1871
1870
1867
1861
1861
1861
1857
1855
1855
1851
1835
1834
1834
1830
1822
1812
1806
1803
1799
1790
1784
1781
1780
1776
1773
1772
1770
1763
1763
1756
1755
1753
1753
1751
1749
1748
1747
1744
1736
1736
1731
1725
1723
1720
1720
1717
1714
1710
1709
1708
1707
1707
1698
1697
1692
1685
1685
1681
1679
1678
1675
1675
1670
1667
1667
1665
1662
1660
1659
1658
1657
1654
1654
1653
1639
1632
1631
1630
1629
1623
1618
1616
1614
1608
1605
1602
1591
1589
1588
1587
1581
1580
1576
1570
1570
1570
1570
1570
1569
1566
1565
1563
1563
1562
1558
1550
1549
1548
1543
1542
1540
1539
1537
1532
1529
1527
1525
1519
1515
1515
1514
1506
1501
1497
1497
1496
1496
1486
1484
1482
1479
1479
1474
1472
1471
1471
1470
1466
1465
1464
1461
1457
1456
1451
1450
1446
1444
1435
1417
1417
1412
1407
1401
1393
1391
1390
1389
1389
1386
1381
1380
1380
1373
1372
1369
1366
1362
1360
1359
1358
1356
1355
1350
1343
1338
1336
1331
1329
1327
1326
1324
1324
1315
1313
1310
1309
1308
1307
1300
1297
1296
1289
1288
1285
1283
1278
1272
1267
1265
1261
1258
1258
1256
1251
1250
1250
1249
1248
1245
1242
1241
1235
1232
1229
1219
1219
1218
1210
1210
1205
1204
1203
1202
1201
1200
1197
1195
1194
1193
1189
1189
1187
1182
1180
1176
1175
1174
1170
1169
1166
1160
1159
1157
1151
1150
1149
1148
1147
1145
1142
1142
1138
1136
1135
1131
1126
1116
1113
1103
1100
1097
1096
1094
1092
1083
1083
1083
1077
1073
1069
1068
1066
1064
1063
1063
1061
1061
1061
1060
1057
1052
1044
1033
1030
1026
1026
1021
1020
1018
1004
1001
999
996
992
979
978
976
975
971
971
969
969
963
963
960
957
952
948
948
944
939
930
928
924
920
920
918
915
913
902
895
893
891
889
889
884
881
880
877
876
874
874
871
869
866
863
861
861
859
859
858
856
852
846
844
835
829
828
826
823
819
817
813
812
802
799
795
793
793
790
789
789
777
776
773
772
768
764
762
754
748
745
742
736
735
732
727
727
727
725
722
721
719
718
711
710
709
706
703
697
694
686
686
681
677
677
675
673
671
669
668
659
657
656
653
653
648
641
635
634
633
631
628
620
618
617
616
616
613
609
603
601
596
589
579
579
579
578
576
575
574
566
563
557
553
552
552
551
549
545
539
533
533
530
530
528
524
520
519
518
512
503
501
501
501
498
491
491
491
490
482
482
479
474
473
472
470
464
463
459
457
440
434
433
432
431
430
428
428
426
424
424
420
419
418
417
416
414
413
409
397
393
392
390
388
388
388
387
380
377
374
372
371
371
370
368
365
355
353
353
352
351
349
343
341
338
336
334
334
329
329
327
327
327
323
311
310
305
304
295
284
282
280
279
268
268
263
260
259
252
249
244
239
236
233
232
231
229
228
227
222
218
217
200
200
199
187
187
180
176
175
173
172
168
166
165
164
163
160
160
158
153
153
141
136
133
131
130
129
125
124
122
119
117
116
113
111
111
108
106
105
102
100
98
93
91
90
87
87
86
84
83
83
81
79
79
77
75
75
74
68
68
62
61
61
56
54
53
52
52
47
45
39
36
35
35
30
30
29
25
24
24
19
15
11
9
9
6
0
