29999
29998
29998
29998
29998
29989
29980
29977
29977
29969
29968
29967
29967
29964
29964
29955
29943
29939
29937
29935
29930
29927
29922
29922
29920
29919
29917
29914
29909
29901
29899
29898
29896
29895
29889
29888
29884
29880
29880
29878
29877
29874
29869
29866
29865
29862
29861
29861
29851
29845
29841
29838
29837
29829
29828
29825
29821
29821
29820
29819
29819
29818
29816
29815
29814
29813
29811
29800
29799
29793
29784
29784
29779
29779
29779
29778
29778
29769
29769
29766
29763
29762
29761
29759
29759
29758
29754
29752
29751
29750
29749
29749
29748
29746
29745
29743
29741
29738
29736
29735
29718
29716
29716
29712
29711
29710
29697
29696
29694
29689
29684
29682
29677
29677
29676
29675
29672
29670
29669
29664
29658
29650
29649
29635
29624
29620
29617
29617
29615
29615
29600
29596
29594
29591
29590
29589
29587
29582
29579
29578
29578
29570
29567
29565
29564
29554
29552
29548
29545
29541
29534
29534
29530
29524
29519
29516
29510
29510
29505
29505
29504
29504
29492
29491
29489
29488
29488
29485
29476
29465
29460
29459
29457
29457
29454
29451
29450
29450
29447
29440
29439
29438
29438
29437
29436
29436
29425
29423
29419
29418
29416
29408
29404
29401
29391
29391
29391
29388
29388
29385
29385
29383
29381
29379
29373
29372
29372
29372
29371
29370
29370
29365
29360
29360
29357
29354
29351
29350
29350
29343
29341
29333
29331
29331
29328
29324
29316
29315
29314
29307
29303
29298
29288
29278
29275
29275
29271
29268
29262
29259
29256
29254
29250
29244
29242
29241
29240
29238
29233
29227
29223
29219
29218
29216
29213
29205
29200
29195
29188
29187
29185
29184
29182
29179
29178
29174
29170
29169
29164
29160
29152
29145
29145
29142
29142
29140
29138
29137
29129
29129
29125
29122
29118
29118
29116
29104
29103
29100
29094
29093
29092
29091
29078
29071
29058
29056
29056
29051
29049
29046
29045
29044
29041
29041
29039
29032
29027
29027
29019
29016
29015
29014
29013
29008
29002
29001
29000
29000
28997
28988
28985
28981
28978
28977
28976
28972
28970
28968
28963
28963
28962
28960
28953
28952
28950
28949
28946
28942
28940
28939
28935
28932
28931
28931
28924
28917
28916
28915
28915
28913
28911
28911
28910
28909
28909
28908
28895
28893
28886
28885
28878
28875
28872
28868
28861
28856
28853
28849
28849
28846
28846
28845
28842
28840
28833
28832
28831
28830
28820
28820
28817
28812
28809
28805
28804
28802
28800
28798
28798
28796
28793
28791
28787
28780
28778
28771
28770
28767
28761
28761
28758
28757
28753
28752
28747
28743
28739
28736
28736
28735
28726
28726
28725
28718
28714
28712
28709
28705
28705
28699
28699
28693
28683
28680
28673
28673
28672
28669
28667
28667
28662
28659
28655
28653
28650
28648
28644
28643
28641
28637
28636
28635
28635
28632
28630
28627
28620
28619
28617
28616
28613
28612
28605
28605
28604
28604
28604
28601
28600
28596
28594
28590
28586
28584
28579
28577
28576
28569
28568
28568
28550
28550
28543
28541
28538
28533
28530
28529
28528
28527
28526
28522
28517
28512
28512
28512
28508
28506
28504
28503
28502
28501
28500
28499
28498
28497
28496
28493
28493
28490
28490
28488
28487
28480
28476
28474
28472
28471
28470
28461
28460
28459
28455
28451
28451
28446
28444
28442
28434
28433
28432
28427
28427
28421
28418
28418
28417
28410
28408
28403
28401
28401
28398
28393
28391
28388
28376
28372
28369
28368
28365
28364
28363
28361
28360
28356
28352
28351
28351
28350
28346
28342
28339
28338
28334
28333
28323
28320
28315
28315
28314
28313
28312
28312
28310
28309
28305
28304
28303
28302
28300
28300
28296
28292
28286
28284
28284
28282
28282
28281
28279
28279
28278
28276
28270
28261
28260
28259
28256
28256
28253
28252
28245
28245
28238
28235
28235
28233
28232
28231
28229
28229
28224
28219
28219
28211
28211
28210
28209
28209
28208
28202
28201
28200
28195
28194
28190
28189
28184
28181
28180
28180
28178
28174
28173
28168
28166
28161
28156
28155
28154
28152
28151
28150
28146
28144
28144
28141
28140
28137
28130
28126
28124
28121
28120
28120
28120
28120
28119
28119
28118
28118
28114
28108
28107
28107
28096
28095
28090
28089
28075
28074
28067
28066
28065
28063
28061
28060
28060
28053
28049
28049
28048
28037
28032
28030
28028
28028
28028
28024
28019
28017
28015
28012
28010
28002
27993
27992
27989
27988
27979
27975
27967
27966
27965
27964
27963
27960
27959
27959
27957
27957
27956
27954
27953
27948
27945
27943
27940
27938
27934
27933
27920
27916
27914
27913
27903
27898
27895
27894
27894
27893
27893
27891
27889
27889
27888
27888
27885
27885
27881
27881
27879
27878
27869
27861
27860
27854
27852
27849
27848
27847
27844
27842
27842
27841
27833
27831
27827
27825
27824
27822
27816
27811
27810
27805
27802
27796
27794
27792
27791
27791
27787
27786
27779
27776
27775
27773
27773
27770
27769
27768
27760
27759
27759
27758
27755
27754
27750
27745
27744
27735
27735
27733
27731
27728
27726
27726
27725
27723
27723
27720
27715
27713
27709
27707
27705
27698
27695
27695
27695
27692
27690
27688
27687
27687
27673
27648
27648
27647
27647
27647
27646
27645
27644
27643
27639
27633
27620
27618
27616
27613
27612
27608
27606
27605
27603
27598
27595
27594
27593
27592
27591
27581
27576
27574
27573
27569
27567
27562
27560
27559
27556
27549
27546
27545
27545
27544
27542
27542
27539
27538
27538
27535
27534
27533
27526
27523
27521
27521
27518
27516
27511
27510
27509
27508
27507
27503
27500
27492
27491
27491
27490
27490
27489
27486
27485
27473
27472
27470
27469
27468
27462
27455
27453
27452
27450
27448
27443
27440
27437
27436
27434
27423
27423
27421
27417
27416
27414
27414
27393
27391
27390
27385
27384
27380
27380
27376
27373
27370
27365
27361
27355
27350
27348
27348
27331
27327
27326
27324
27324
27324
27322
27316
27313
27313
27308
27308
27305
27304
27302
27301
27298
27298
27297
27296
27291
27289
27283
27278
27275
27275
27269
27266
27262
27255
27254
27249
27242
27240
27237
27236
27231
27231
27230
27227
27218
27217
27216
27216
27214
27213
27207
27206
27203
27199
27196
27196
27193
27178
27175
27174
27166
27165
27164
27160
27157
27156
27155
27155
27150
27150
27148
27146
27143
27142
27140
27138
27133
27133
27126
27119
27118
27116
27113
27111
27109
27107
27094
27081
27081
27079
27068
27068
27066
27065
27063
27061
27053
27046
27042
27038
27038
27033
27028
27027
27026
27019
27017
27012
27010
27009
27001
26998
26997
26997
26992
26988
26986
26985
26973
26972
26958
26958
26956
26956
26949
26945
26943
26942
26931
26928
26919
26918
26910
26896
26893
26892
26888
26887
26886
26883
26882
26880
26878
26871
26867
26864
26864
26863
26863
26861
26859
26858
26857
26848
26845
26841
26838
26829
26823
26823
26821
26818
26818
26816
26816
26814
26814
26809
26809
26807
26806
26804
26803
26803
26797
26795
26795
26792
26791
26790
26789
26783
26783
26778
26774
26772
26767
26766
26764
26752
26747
26737
26734
26733
26731
26730
26729
26725
26721
26717
26716
26711
26710
26708
26704
26703
26701
26699
26698
26697
26696
26694
26694
26693
26692
26691
26687
26686
26683
26682
26676
26674
26673
26672
26667
26667
26666
26664
26661
26659
26657
26652
26651
26649
26647
26645
26641
26638
26635
26631
26631
26630
26618
26615
26614
26608
26605
26604
26604
26600
26599
26599
26594
26593
26590
26581
26579
26578
26573
26573
26571
26568
26562
26561
26557
26547
26547
26544
26543
26541
26533
26531
26529
26523
26522
26515
26509
26498
26491
26490
26476
26474
26473
26471
26470
26466
26465
26464
26464
26462
26460
26459
26456
26444
26441
26440
26439
26437
26428
26416
26415
26415
26412
26409
26406
26391
26390
26389
26381
26380
26380
26377
26375
26373
26370
26369
26367
26366
26363
26360
26358
26356
26355
26354
26353
26352
26348
26345
26340
26336
26332
26331
26330
26329
26329
26327
26320
26318
26318
26313
26309
26304
26301
26288
26276
26275
26272
26269
26267
26261
26260
26260
26260
26259
26256
26255
26249
26247
26246
26239
26228
26228
26225
26218
26216
26214
26211
26209
26207
26204
26204
26201
26199
26197
26196
26195
26192
26190
26189
26188
26187
26183
26182
26173
26171
26167
26166
26162
26162
26159
26159
26156
26151
26151
26149
26147
26144
26140
26139
26137
26129
26123
26121
26121
26120
26115
26114
26107
26103
26096
26095
26094
26093
26090
26090
26089
26088
26087
26086
26084
26082
26082
26080
26074
26071
26067
26065
26063
26058
26055
26052
26050
26049
26048
26047
26047
26041
26038
26034
26031
26030
26023
26018
26015
26010
26007
26002
25997
25989
25988
25986
25984
25983
25981
25979
25977
25976
25973
25972
25958
25946
25944
25943
25942
25940
25938
25937
25931
25920
25916
25910
25906
25903
25901
25898
25895
25893
25887
25883
25883
25873
25867
25862
25848
25845
25843
25839
25837
25834
25834
25833
25833
25832
25825
25822
25811
25799
25796
25796
25794
25793
25785
25781
25778
25772
25769
25769
25766
25764
25761
25754
25753
25746
25746
25740
25736
25735
25734
25727
25723
25717
25713
25706
25705
25700
25694
25694
25692
25685
25678
25675
25674
25665
25664
25664
25664
25664
25663
25659
25655
25652
25651
25648
25646
25641
25635
25629
25628
25626
25625
25620
25615
25613
25611
25609
25605
25603
25602
25601
25600
25597
25589
25582
25577
25575
25575
25573
25571
25570
25568
25567
25563
25562
25556
25553
25552
25551
25549
25542
25541
25540
25538
25530
25528
25525
25517
25510
25508
25502
25498
25496
25495
25495
25492
25489
25485
25485
25485
25479
25479
25479
25475
25473
25469
25464
25460
25458
25452
25448
25447
25447
25446
25444
25443
25441
25441
25441
25439
25438
25432
25425
25424
25424
25423
25418
25417
25410
25409
25408
25403
25399
25398
25395
25393
25382
25382
25379
25377
25377
25374
25374
25372
25370
25365
25364
25359
25359
25351
25346
25339
25338
25337
25335
25335
25333
25330
25326
25321
25321
25318
25312
25312
25310
25308
25308
25304
25290
25289
25282
25281
25278
25273
25273
25272
25272
25268
25266
25266
25264
25261
25258
25239
25238
25237
25236
25233
25228
25220
25219
25218
25213
25212
25209
25200
25199
25195
25189
25188
25187
25183
25182
25181
25180
25176
25175
25173
25164
25158
25158
25145
25142
25141
25138
25133
25132
25126
25122
25119
25117
25115
25115
25105
25102
25097
25089
25089
25084
25083
25082
25081
25080
25071
25070
25068
25063
25062
25061
25056
25054
25049
25041
25032
25031
25024
25023
25020
25019
25019
25013
25013
25006
24998
24998
24997
24996
24993
24993
24991
24986
24980
24974
24971
24964
24955
24949
24942
24942
24941
24940
24938
24936
24935
24934
24932
24932
24929
24926
24922
24920
24913
24913
24910
24902
24899
24893
24890
24890
24887
24884
24883
24881
24874
24872
24871
24860
24853
24852
24848
24837
24836
24835
24832
24828
24828
24825
24824
24820
24796
24795
24793
24790
24790
24787
24784
24782
24776
24775
24773
24767
24766
24761
24758
24757
24755
24753
24753
24752
24752
24751
24750
24749
24746
24743
24735
24733
24732
24726
24717
24716
24715
24713
24712
24711
24709
24708
24708
24706
24706
24705
24701
24701
24698
24692
24691
24690
24681
24677
24672
24670
24665
24657
24656
24656
24652
24647
24647
24640
24640
24632
24632
24631
24626
24623
24615
24615
24611
24609
24598
24597
24596
24595
24595
24594
24594
24593
24592
24590
24584
24581
24580
24568
24561
24560
24557
24557
24556
24555
24554
24550
24548
24544
24538
24530
24524
24523
24522
24521
24512
24512
24508
24498
24494
24491
24485
24485
24483
24480
24480
24478
24475
24474
24473
24472
24471
24471
24469
24467
24462
24461
24457
24456
24450
24448
24447
24447
24446
24438
24437
24435
24430
24420
24413
24412
24411
24406
24404
24403
24400
24387
24386
24376
24375
24374
24370
24369
24368
24365
24364
24362
24355
24353
24349
24348
24346
24343
24339
24337
24335
24333
24332
24332
24328
24325
24323
24317
24316
24314
24312
24311
24310
24309
24308
24305
24301
24296
24289
24289
24287
24283
24282
24282
24277
24272
24267
24266
24264
24261
24258
24257
24254
24250
24250
24246
24245
24244
24241
24240
24239
24239
24235
24235
24231
24229
24223
24216
24215
24215
24214
24214
24210
24210
24208
24194
24190
24189
24187
24185
24183
24182
24173
24168
24167
24167
24166
24166
24161
24156
24156
24154
24154
24150
24146
24140
24137
24131
24130
24123
24117
24117
24116
24115
24115
24112
24098
24097
24096
24095
24095
24093
24089
24089
24082
24078
24075
24074
24073
24065
24063
24052
24050
24042
24034
24032
24021
24021
24016
24016
24014
24013
24002
24002
23982
23979
23979
23979
23976
23976
23973
23973
23967
23967
23963
23960
23959
23958
23957
23955
23955
23955
23953
23950
23947
23947
23944
23943
23942
23939
23938
23931
23930
23924
23922
23920
23919
23915
23913
23912
23909
23907
23906
23906
23906
23898
23892
23889
23880
23875
23873
23872
23867
23859
23857
23856
23856
23854
23853
23852
23848
23841
23841
23840
23839
23839
23837
23836
23831
23816
23815
23813
23809
23805
23803
23800
23798
23791
23789
23787
23787
23783
23782
23776
23775
23773
23771
23769
23766
23760
23760
23741
23738
23736
23727
23727
23723
23721
23720
23719
23718
23715
23714
23711
23709
23707
23704
23700
23699
23698
23687
23685
23681
23678
23673
23670
23665
23660
23660
23659
23648
23645
23637
23633
23632
23629
23628
23626
23624
23617
23615
23614
23613
23609
23602
23598
23596
23594
23593
23589
23589
23587
23587
23581
23581
23575
23567
23558
23548
23545
23541
23540
23539
23534
23527
23526
23525
23524
23523
23520
23514
23508
23506
23499
23494
23487
23487
23477
23473
23468
23468
23462
23461
23456
23454
23451
23451
23448
23441
23440
23438
23435
23435
23434
23417
23417
23415
23414
23414
23409
23409
23409
23407
23407
23403
23388
23387
23385
23383
23379
23378
23378
23378
23375
23373
23367
23363
23363
23357
23353
23351
23346
23344
23341
23341
23340
23338
23329
23327
23326
23325
23319
23318
23315
23315
23309
23308
23301
23292
23283
23273
23271
23271
23269
23268
23268
23261
23257
23254
23253
23253
23248
23245
23244
23243
23243
23243
23240
23238
23238
23236
23232
23227
23225
23223
23222
23221
23214
23212
23211
23210
23189
23186
23174
23173
23170
23166
23161
23155
23154
23152
23139
23138
23137
23136
23133
23125
23123
23117
23116
23110
23108
23108
23105
23101
23099
23095
23094
23094
23092
23085
23084
23073
23069
23067
23066
23065
23064
23061
23061
23046
23044
23044
23043
23041
23040
23034
23032
23029
23027
23026
23026
23025
23024
23018
23012
23008
23008
23007
23005
23003
23002
23000
22999
22996
22994
22988
22986
22985
22982
22979
22977
22976
22968
22966
22963
22959
22959
22954
22947
22944
22939
22938
22930
22920
22917
22916
22903
22902
22894
22889
22886
22883
22880
22879
22874
22873
22868
22861
22861
22853
22852
22847
22841
22840
22832
22830
22826
22824
22814
22811
22802
22800
22800
22799
22799
22794
22794
22794
22792
22790
22788
22788
22784
22776
22776
22773
22768
22765
22764
22763
22760
22760
22760
22757
22755
22752
22750
22748
22748
22746
22745
22741
22741
22736
22728
22726
22725
22713
22711
22711
22707
22703
22701
22699
22695
22686
22682
22681
22680
22677
22672
22667
22666
22665
22662
22660
22657
22655
22655
22652
22650
22649
22648
22644
22637
22633
22633
22631
22630
22629
22628
22624
22623
22621
22618
22618
22617
22614
22613
22610
22609
22606
22604
22599
22596
22595
22591
22587
22585
22584
22579
22579
22578
22578
22571
22568
22567
22565
22561
22556
22555
22551
22549
22549
22548
22547
22544
22541
22540
22540
22535
22529
22528
22526
22526
22526
22522
22517
22515
22513
22510
22508
22507
22505
22505
22505
22502
22500
22495
22494
22483
22476
22472
22465
22464
22464
22458
22457
22455
22451
22450
22450
22446
22433
22431
22431
22426
22423
22423
22419
22416
22410
22409
22400
22397
22396
22375
22374
22372
22363
22356
22345
22344
22339
22333
22332
22331
22331
22328
22327
22326
22325
22319
22309
22308
22304
22303
22298
22295
22293
22292
22291
22289
22284
22277
22272
22265
22263
22261
22260
22258
22257
22256
22255
22255
22251
22249
22243
22241
22239
22231
22228
22227
22224
22216
22206
22205
22203
22200
22197
22193
22192
22189
22181
22176
22175
22175
22173
22170
22165
22165
22159
22155
22150
22148
22148
22145
22145
22142
22142
22141
22139
22127
22126
22122
22120
22120
22119
22118
22118
22114
22113
22111
22109
22107
22107
22106
22103
22100
22097
22097
22096
22095
22091
22088
22085
22069
22067
22066
22065
22061
22056
22055
22040
22039
22031
22031
22030
22025
22025
22019
22019
22017
22016
22012
22009
22004
22003
22002
21998
21993
21990
21988
21985
21983
21977
21975
21974
21969
21967
21967
21965
21961
21960
21954
21953
21946
21938
21933
21930
21929
21928
21928
21925
21923
21918
21917
21906
21900
21896
21894
21891
21891
21891
21885
21884
21882
21878
21877
21875
21875
21874
21873
21868
21867
21864
21864
21864
21861
21860
21857
21854
21850
21848
21847
21846
21842
21836
21831
21831
21828
21827
21824
21821
21819
21818
21815
21794
21785
21785
21784
21782
21770
21770
21770
21770
21768
21763
21760
21759
21755
21754
21753
21753
21751
21741
21737
21736
21735
21732
21731
21726
21720
21719
21718
21715
21711
21703
21701
21698
21698
21689
21688
21687
21687
21686
21684
21678
21668
21664
21662
21661
21661
21658
21658
21653
21643
21629
21623
21619
21614
21603
21601
21600
21600
21588
21586
21580
21580
21574
21571
21565
21562
21560
21557
21554
21550
21549
21547
21542
21541
21541
21538
21530
21528
21522
21522
21520
21517
21516
21514
21513
21512
21511
21511
21505
21504
21504
21501
21499
21496
21493
21486
21485
21481
21476
21474
21473
21472
21469
21460
21456
21456
21453
21450
21450
21435
21434
21433
21433
21426
21424
21423
21416
21414
21414
21409
21409
21408
21405
21404
21403
21401
21400
21388
21386
21385
21385
21383
21380
21380
21377
21371
21370
21365
21365
21355
21352
21349
21348
21347
21346
21346
21338
21336
21333
21326
21318
21314
21312
21311
21310
21310
21309
21303
21302
21302
21300
21291
21291
21290
21288
21286
21283
21283
21282
21267
21261
21254
21251
21250
21248
21244
21240
21240
21237
21234
21223
21223
21221
21219
21215
21214
21213
21207
21206
21206
21203
21202
21201
21201
21200
21189
21181
21178
21177
21174
21174
21171
21170
21169
21167
21166
21164
21164
21160
21159
21159
21154
21151
21151
21151
21148
21147
21141
21139
21134
21134
21134
21126
21122
21120
21116
21115
21115
21114
21112
21110
21105
21103
21102
21097
21096
21094
21093
21091
21089
21084
21082
21081
21081
21076
21075
21072
21072
21071
21071
21064
21062
21055
21054
21045
21044
21041
21036
21031
21028
21026
21024
21019
21012
21001
21000
20995
20994
20993
20991
20991
20989
20989
20985
20983
20979
20977
20976
20966
20966
20965
20964
20962
20960
20959
20957
20950
20948
20942
20939
20939
20939
20933
20932
20931
20929
20920
20919
20916
20906
20906
20904
20904
20904
20904
20899
20899
20897
20890
20889
20883
20879
20876
20874
20872
20870
20868
20867
20862
20861
20858
20856
20855
20855
20853
20846
20843
20841
20834
20834
20833
20821
20820
20820
20819
20818
20816
20815
20813
20811
20807
20804
20803
20797
20797
20791
20785
20783
20772
20772
20768
20767
20763
20760
20758
20752
20751
20750
20744
20742
20741
20740
20739
20729
20721
20719
20712
20708
20707
20706
20704
20697
20696
20696
20695
20691
20690
20689
20688
20682
20679
20678
20666
20666
20661
20656
20656
20654
20653
20652
20651
20646
20646
20646
20644
20643
20640
20639
20638
20634
20633
20623
20620
20617
20614
20610
20610
20606
20606
20604
20604
20602
20601
20600
20597
20597
20597
20594
20591
20588
20588
20585
20579
20573
20571
20571
20569
20564
20563
20558
20549
20548
20547
20547
20538
20538
20537
20528
20527
20525
20525
20525
20525
20524
20522
20522
20521
20520
20518
20514
20514
20504
20497
20497
20484
20482
20481
20478
20476
20474
20471
20471
20469
20468
20466
20466
20458
20457
20456
20455
20445
20445
20445
20444
20443
20443
20442
20431
20426
20426
20426
20425
20424
20423
20420
20416
20410
20395
20393
20392
20389
20379
20377
20372
20367
20362
20362
20361
20359
20358
20358
20351
20342
20334
20333
20332
20328
20325
20324
20320
20318
20316
20313
20306
20304
20303
20302
20294
20292
20282
20281
20277
20274
20272
20271
20268
20268
20267
20258
20257
20252
20242
20240
20233
20229
20224
20224
20223
20223
20222
20221
20221
20217
20217
20216
20215
20215
20212
20210
20207
20202
20200
20197
20196
20194
20184
20180
20172
20170
20162
20162
20161
20152
20151
20149
20147
20146
20145
20143
20143
20141
20140
20138
20137
20133
20124
20122
20120
20118
20114
20110
20109
20108
20108
20106
20104
20098
20094
20090
20090
20087
20080
20080
20077
20076
20072
20068
20068
20067
20065
20064
20064
20059
20055
20052
20051
20048
20033
20027
20026
20025
20024
20016
20014
20009
20001
19995
19989
19986
19984
19983
19977
19974
19971
19971
19969
19968
19963
19962
19962
19961
19954
19953
19950
19946
19943
19943
19941
19938
19937
19933
19932
19928
19927
19923
19922
19921
19919
19919
19918
19916
19916
19914
19912
19906
19905
19904
19902
19896
19895
19894
19893
19892
19887
19885
19883
19877
19877
19876
19875
19874
19872
19867
19864
19861
19852
19851
19847
19842
19840
19840
19840
19837
19837
19836
19831
19827
19820
19818
19818
19811
19806
19806
19805
19802
19798
19797
19795
19794
19792
19789
19788
19788
19787
19781
19781
19780
19780
19780
19777
19770
19765
19764
19763
19761
19760
19755
19750
19747
19745
19745
19745
19741
19740
19733
19733
19732
19728
19727
19719
19714
19714
19703
19695
19690
19678
19674
19672
19669
19663
19660
19656
19656
19655
19646
19644
19643
19639
19633
19633
19629
19628
19628
19627
19616
19616
19615
19613
19601
19600
19599
19598
19592
19592
19580
19579
19576
19563
19559
19556
19554
19554
19549
19547
19545
19545
19540
19540
19540
19539
19538
19537
19536
19535
19529
19526
19525
19523
19516
19515
19507
19503
19503
19499
19498
19498
19496
19494
19490
19487
19482
19480
19480
19479
19478
19477
19475
19473
19467
19466
19464
19462
19461
19454
19454
19445
19440
19439
19438
19431
19428
19427
19426
19420
19414
19412
19408
19407
19389
19388
19388
19383
19382
19382
19380
19378
19368
19354
19351
19349
19344
19341
19337
19333
19330
19329
19324
19322
19322
19322
19321
19320
19313
19310
19303
19302
19301
19298
19291
19289
19288
19278
19275
19274
19273
19270
19268
19263
19259
19255
19252
19252
19245
19245
19242
19242
19241
19238
19235
19235
19234
19227
19224
19224
19222
19218
19217
19215
19214
19214
19213
19212
19211
19210
19208
19207
19205
19205
19201
19188
19181
19170
19168
19157
19156
19156
19149
19144
19142
19142
19139
19138
19134
19133
19127
19125
19124
19121
19119
19112
19112
19112
19112
19108
19107
19105
19103
19100
19098
19098
19095
19092
19091
19089
19080
19080
19079
19070
19067
19063
19062
19060
19055
19053
19047
19043
19038
19029
19025
19025
19024
19021
19015
19008
19006
18999
18999
18996
18995
18991
18984
18982
18979
18978
18977
18976
18973
18957
18957
18953
18935
18930
18928
18921
18920
18914
18904
18896
18894
18892
18890
18889
18888
18886
18869
18868
18866
18865
18858
18856
18850
18845
18839
18837
18835
18834
18833
18826
18821
18817
18811
18809
18808
18803
18802
18802
18802
18797
18794
18787
18783
18779
18769
18765
18761
18758
18758
18753
18752
18751
18746
18743
18743
18727
18726
18726
18722
18720
18718
18713
18711
18710
18708
18706
18704
18698
18689
18682
18676
18671
18671
18667
18663
18662
18658
18658
18656
18650
18639
18638
18638
18636
18636
18636
18621
18617
18616
18602
18601
18601
18595
18592
18589
18589
18587
18582
18580
18571
18568
18567
18566
18565
18561
18558
18557
18557
18551
18549
18543
18540
18531
18527
18523
18523
18520
18517
18515
18511
18510
18509
18507
18506
18505
18504
18502
18500
18498
18497
18495
18488
18488
18487
18485
18482
18478
18471
18470
18468
18468
18468
18465
18460
18458
18458
18456
18453
18448
18444
18443
18441
18436
18432
18424
18423
18421
18421
18418
18413
18413
18412
18410
18409
18408
18407
18402
18397
18394
18393
18391
18389
18380
18371
18370
18369
18369
18367
18364
18357
18341
18337
18334
18332
18331
18329
18328
18326
18325
18324
18324
18321
18319
18318
18314
18312
18311
18309
18308
18307
18304
18292
18289
18287
18283
18275
18271
18271
18263
18262
18262
18261
18261
18260
18257
18255
18249
18242
18241
18233
18230
18230
18228
18219
18207
18205
18203
18202
18199
18199
18196
18196
18193
18190
18190
18189
18183
18176
18175
18174
18171
18170
18168
18167
18157
18156
18147
18146
18143
18138
18134
18134
18134
18131
18127
18121
18119
18117
18114
18112
18111
18110
18110
18106
18104
18102
18100
18094
18093
18089
18088
18087
18087
18083
18076
18076
18074
18070
18067
18067
18067
18066
18063
18060
18053
18042
18040
18035
18034
18032
18028
18025
18018
18018
18016
18014
18013
18010
18008
18005
18004
18004
18002
18001
18001
17999
17998
17998
17996
17993
17987
17983
17979
17974
17973
17966
17964
17959
17958
17957
17950
17947
17947
17942
17940
17939
17937
17932
17930
17928
17911
17908
17902
17902
17900
17898
17896
17895
17895
17894
17890
17885
17881
17881
17875
17873
17861
17859
17858
17857
17857
17852
17851
17851
17848
17847
17845
17844
17844
17841
17841
17838
17836
17834
17830
17830
17826
17825
17824
17814
17803
17792
17784
17783
17779
17779
17775
17766
17765
17763
17762
17760
17757
17755
17755
17739
17739
17737
17736
17734
17733
17731
17729
17728
17724
17724
17722
17707
17706
17704
17703
17703
17703
17701
17701
17700
17692
17692
17690
17687
17685
17684
17683
17681
17679
17678
17674
17672
17672
17671
17662
17655
17654
17652
17650
17646
17646
17645
17643
17638
17628
17628
17626
17623
17621
17611
17610
17595
17591
17587
17584
17574
17565
17565
17562
17562
17561
17558
17553
17551
17550
17544
17542
17541
17536
17536
17532
17532
17530
17529
17528
17525
17518
17513
17512
17510
17506
17503
17502
17496
17493
17489
17485
17478
17474
17474
17473
17471
17469
17467
17459
17452
17449
17441
17434
17429
17424
17423
17422
17420
17415
17409
17407
17406
17406
17397
17396
17395
17395
17393
17390
17385
17385
17385
17384
17384
17377
17377
17376
17372
17372
17370
17368
17368
17365
17364
17362
17361
17359
17352
17351
17344
17341
17340
17339
17338
17336
17335
17334
17333
17328
17327
17324
17323
17323
17320
17314
17313
17309
17307
17301
17298
17297
17297
17294
17291
17289
17286
17286
17283
17280
17278
17278
17275
17273
17271
17270
17265
17263
17262
17255
17255
17254
17254
17253
17251
17251
17250
17249
17232
17228
17228
17226
17223
17223
17222
17220
17217
17210
17209
17209
17207
17207
17203
17199
17196
17196
17187
17175
17173
17168
17168
17166
17164
17164
17163
17162
17162
17161
17149
17147
17141
17140
17136
17133
17127
17126
17125
17121
17110
17108
17107
17103
17100
17097
17097
17094
17094
17093
17092
17092
17090
17089
17089
17085
17082
17081
17077
17071
17070
17065
17063
17063
17063
17063
17062
17058
17056
17054
17043
17042
17042
17040
17040
17039
17037
17037
17029
17029
17027
17024
17023
17022
17012
17012
17008
17007
17006
17005
17004
17004
17002
17002
16999
16996
16986
16985
16984
16983
16982
16980
16969
16968
16966
16965
16964
16962
16959
16952
16949
16946
16946
16945
16943
16939
16937
16936
16936
16935
16934
16932
16929
16920
16919
16916
16914
16909
16908
16908
16903
16898
16898
16892
16888
16888
16885
16880
16876
16868
16866
16860
16858
16856
16856
16855
16855
16849
16848
16847
16846
16846
16846
16843
16842
16842
16838
16838
16828
16825
16820
16813
16813
16812
16811
16805
16805
16797
16795
16791
16790
16783
16780
16773
16771
16770
16769
16766
16762
16759
16758
16754
16751
16747
16746
16744
16742
16736
16733
16726
16724
16723
16721
16719
16719
16717
16717
16707
16705
16701
16699
16694
16684
16683
16682
16682
16681
16680
16674
16672
16669
16668
16668
16668
16667
16666
16662
16659
16658
16654
16652
16651
16650
16648
16647
16647
16645
16642
16633
16633
16632
16615
16613
16609
16603
16602
16601
16597
16594
16594
16593
16590
16583
16581
16579
16578
16572
16571
16571
16568
16559
16551
16536
16533
16531
16528
16527
16524
16523
16522
16520
16516
16515
16502
16501
16500
16497
16492
16482
16482
16478
16477
16473
16471
16465
16465
16465
16464
16461
16455
16454
16454
16452
16441
16439
16436
16432
16429
16425
16424
16422
16418
16418
16415
16409
16409
16408
16407
16406
16405
16404
16404
16402
16398
16397
16396
16391
16386
16385
16384
16379
16374
16371
16367
16357
16355
16354
16353
16341
16339
16339
16338
16336
16336
16335
16334
16329
16327
16322
16317
16315
16314
16311
16311
16309
16309
16306
16305
16304
16303
16301
16301
16301
16300
16300
16287
16285
16284
16282
16280
16275
16271
16267
16265
16264
16264
16256
16253
16252
16250
16249
16246
16240
16236
16235
16234
16227
16221
16218
16216
16214
16210
16209
16208
16207
16206
16205
16205
16204
16200
16199
16197
16192
16188
16188
16186
16186
16178
16177
16174
16174
16170
16164
16163
16162
16162
16151
16149
16142
16137
16137
16135
16130
16128
16117
16115
16109
16108
16107
16095
16094
16090
16083
16083
16078
16074
16073
16071
16066
16066
16066
16062
16062
16056
16055
16053
16053
16045
16042
16038
16033
16025
16023
16020
16020
16017
16012
16009
16009
16006
16004
15998
15990
15987
15986
15986
15984
15982
15981
15980
15978
15977
15977
15970
15967
15964
15961
15958
15956
15954
15949
15947
15943
15940
15935
15933
15932
15929
15923
15919
15911
15908
15906
15905
15901
15896
15891
15890
15890
15887
15884
15881
15880
15880
15878
15877
15877
15874
15873
15864
15862
15858
15855
15854
15854
15854
15846
15842
15841
15830
15826
15824
15816
15810
15807
15802
15793
15789
15789
15787
15786
15784
15781
15781
15780
15770
15766
15766
15761
15756
15754
15751
15750
15741
15741
15739
15737
15734
15733
15731
15731
15724
15724
15719
15718
15715
15714
15713
15713
15710
15707
15706
15703
15703
15700
15695
15695
15695
15695
15689
15684
15683
15679
15679
15678
15676
15673
15667
15663
15661
15659
15652
15643
15642
15629
15622
15622
15621
15619
15618
15615
15609
15608
15607
15607
15606
15604
15601
15598
15597
15578
15578
15576
15576
15572
15570
15566
15565
15565
15563
15562
15560
15556
15556
15555
15553
15553
15553
15552
15550
15545
15540
15540
15536
15535
15531
15530
15530
15528
15526
15525
15524
15522
15520
15515
15510
15510
15508
15507
15506
15504
15503
15499
15498
15498
15494
15485
15484
15476
15474
15474
15473
15472
15470
15470
15467
15464
15450
15450
15449
15447
15445
15444
15439
15438
15438
15436
15427
15424
15418
15412
15410
15409
15408
15406
15405
15396
15393
15390
15390
15389
15388
15388
15383
15377
15373
15373
15373
15371
15370
15369
15369
15369
15366
15363
15360
15358
15357
15357
15355
15349
15348
15347
15345
15345
15339
15333
15327
15323
15323
15321
15316
15315
15295
15293
15289
15284
15281
15280
15278
15277
15277
15269
15269
15269
15265
15264
15264
15262
15260
15253
15249
15249
15232
15219
15215
15214
15213
15211
15209
15207
15204
15203
15201
15200
15194
15192
15189
15183
15179
15179
15174
15173
15172
15169
15168
15168
15167
15167
15164
15164
15162
15162
15157
15146
15144
15142
15140
15136
15136
15132
15132
15131
15130
15128
15128
15126
15122
15122
15120
15118
15117
15116
15114
15109
15104
15103
15103
15101
15101
15100
15098
15095
15089
15088
15078
15078
15073
15073
15073
15064
15063
15060
15060
15059
15059
15052
15052
15047
15042
15042
15042
15040
15035
15035
15033
15032
15029
15024
15023
15020
15018
15016
15016
15010
15007
15001
14999
14998
14997
14994
14993
14992
14992
14989
14986
14985
14981
14977
14967
14963
14961
14955
14954
14953
14950
14949
14941
14939
14939
14939
14938
14938
14934
14934
14924
14920
14917
14912
14911
14906
14901
14896
14894
14888
14885
14883
14882
14881
14880
14879
14872
14871
14870
14866
14864
14861
14858
14854
14852
14851
14842
14837
14818
14818
14816
14813
14812
14810
14805
14798
14792
14786
14784
14773
14771
14770
14767
14766
14762
14756
14753
14751
14748
14737
14735
14732
14732
14729
14729
14728
14727
14718
14708
14705
14704
14704
14704
14698
14692
14692
14691
14688
14685
14684
14681
14679
14675
14672
14671
14670
14668
14665
14663
14654
14653
14649
14648
14634
14632
14631
14628
14625
14623
14621
14621
14620
14620
14614
14613
14613
14611
14610
14606
14606
14600
14598
14597
14592
14591
14588
14585
14569
14568
14567
14566
14566
14561
14558
14557
14556
14551
14550
14545
14542
14539
14536
14533
14532
14524
14523
14513
14512
14512
14511
14505
14504
14497
14496
14496
14486
14482
14478
14467
14466
14463
14459
14448
14448
14447
14445
14444
14441
14438
14433
14431
14428
14423
14417
14413
14412
14410
14403
14399
14399
14394
14391
14390
14389
14384
14384
14382
14377
14371
14369
14367
14367
14365
14364
14363
14360
14358
14356
14349
14349
14344
14343
14331
14327
14327
14321
14312
14306
14306
14302
14297
14295
14294
14292
14292
14292
14290
14283
14279
14269
14269
14268
14259
14257
14254
14253
14253
14249
14242
14239
14239
14239
14238
14236
14236
14235
14232
14232
14230
14229
14226
14225
14221
14217
14214
14210
14207
14206
14205
14200
14197
14189
14189
14188
14187
14184
14180
14174
14170
14168
14161
14148
14147
14144
14139
14135
14135
14133
14132
14130
14128
14122
14122
14118
14113
14111
14110
14109
14102
14100
14098
14098
14095
14095
14095
14094
14092
14088
14087
14084
14084
14069
14068
14068
14067
14065
14064
14062
14056
14055
14053
14051
14049
14047
14037
14036
14035
14033
14029
14026
14026
14025
14024
14018
14018
14016
14012
14011
14005
14005
14000
13997
13993
13993
13990
13988
13979
13978
13970
13968
13967
13960
13958
13956
13952
13948
13947
13945
13942
13938
13937
13930
13926
13924
13921
13913
13906
13903
13902
13898
13894
13892
13890
13888
13886
13883
13881
13874
13870
13864
13848
13844
13844
13838
13835
13833
13832
13826
13819
13818
13816
13814
13813
13809
13798
13790
13790
13790
13786
13779
13772
13772
13770
13766
13760
13757
13749
13749
13748
13748
13747
13745
13744
13741
13735
13735
13731
13731
13728
13726
13723
13722
13721
13716
13712
13711
13704
13701
13700
13699
13698
13691
13689
13689
13688
13680
13677
13675
13674
13666
13662
13658
13655
13654
13650
13644
13642
13641
13639
13633
13632
13626
13626
13626
13623
13613
13610
13607
13602
13598
13597
13596
13588
13586
13586
13585
13584
13582
13582
13580
13579
13574
13574
13573
13565
13564
13561
13560
13559
13559
13557
13554
13553
13546
13546
13539
13537
13535
13530
13530
13525
13521
13520
13514
13513
13513
13511
13505
13501
13491
13489
13488
13487
13481
13478
13478
13468
13467
13459
13457
13457
13455
13453
13452
13452
13449
13441
13437
13434
13433
13428
13428
13419
13405
13404
13402
13402
13397
13394
13394
13393
13393
13386
13379
13379
13376
13373
13366
13365
13364
13362
13362
13358
13355
13351
13343
13341
13338
13332
13331
13329
13327
13320
13318
13316
13315
13314
13306
13302
13301
13299
13297
13297
13295
13295
13290
13286
13282
13276
13276
13269
13265
13262
13258
13254
13251
13251
13246
13245
13238
13222
13220
13219
13218
13216
13212
13207
13207
13202
13192
13185
13184
13184
13183
13179
13175
13174
13174
13172
13171
13169
13165
13164
13155
13154
13152
13151
13146
13146
13143
13133
13133
13130
13129
13128
13123
13122
13118
13118
13117
13109
13109
13109
13105
13105
13101
13098
13089
13078
13076
13073
13072
13068
13068
13067
13067
13060
13060
13057
13055
13054
13053
13052
13042
13039
13037
13036
13035
13029
13028
13027
13025
13023
13020
13016
13013
13012
13011
13009
13002
13000
12998
12996
12994
12987
12986
12979
12979
12976
12968
12968
12961
12957
12956
12950
12947
12946
12944
12943
12941
12940
12935
12930
12928
12926
12924
12922
12915
12913
12909
12907
12907
12906
12906
12906
12905
12904
12903
12903
12901
12895
12893
12891
12890
12885
12885
12885
12883
12881
12876
12876
12872
12867
12867
12864
12861
12858
12858
12853
12849
12849
12843
12841
12837
12835
12834
12834
12825
12824
12822
12819
12805
12803
12803
12802
12801
12800
12799
12798
12795
12792
12792
12786
12784
12782
12780
12780
12777
12774
12773
12773
12772
12772
12764
12764
12763
12760
12757
12745
12745
12743
12733
12732
12729
12727
12726
12726
12719
12713
12710
12701
12692
12689
12687
12684
12681
12680
12680
12677
12675
12672
12671
12670
12670
12669
12668
12667
12666
12663
12657
12655
12651
12650
12650
12647
12645
12645
12644
12643
12642
12641
12639
12634
12634
12629
12626
12626
12625
12622
12620
12619
12618
12616
12611
12611
12610
12607
12606
12601
12598
12588
12585
12582
12581
12580
12580
12578
12577
12575
12574
12558
12558
12557
12555
12548
12539
12537
12536
12532
12531
12528
12524
12523
12515
12511
12508
12507
12502
12502
12501
12499
12496
12487
12487
12486
12485
12485
12481
12466
12466
12463
12463
12462
12453
12453
12443
12441
12441
12439
12437
12437
12433
12430
12427
12426
12423
12419
12408
12406
12403
12402
12385
12384
12381
12368
12368
12361
12357
12357
12351
12347
12345
12344
12343
12340
12337
12336
12335
12333
12328
12324
12317
12317
12308
12306
12298
12295
12293
12290
12289
12281
12275
12274
12274
12273
12270
12269
12266
12265
12263
12261
12253
12251
12250
12250
12250
12245
12244
12242
12242
12241
12241
12240
12237
12233
12231
12228
12227
12221
12219
12218
12216
12215
12212
12210
12203
12200
12199
12196
12190
12185
12184
12178
12175
12169
12165
12160
12160
12157
12154
12149
12147
12146
12142
12140
12137
12135
12132
12132
12128
12128
12128
12127
12126
12122
12120
12118
12114
12114
12112
12112
12107
12107
12103
12102
12102
12101
12096
12093
12092
12080
12080
12068
12067
12064
12063
12063
12063
12059
12059
12058
12054
12050
12049
12046
12045
12045
12038
12037
12034
12034
12033
12033
12032
12028
12028
12025
12018
12018
12016
12014
12014
12007
12006
11995
11993
11993
11992
11992
11992
11991
11989
11984
11983
11983
11983
11977
11974
11972
11971
11970
11969
11961
11958
11957
11956
11952
11951
11944
11943
11942
11936
11936
11936
11930
11924
11921
11919
11917
11914
11912
11911
11901
11901
11899
11897
11897
11895
11894
11894
11893
11890
11888
11876
11860
11858
11851
11851
11849
11847
11841
11818
11816
11812
11810
11805
11802
11802
11797
11797
11796
11791
11789
11781
11780
11780
11775
11770
11769
11769
11767
11765
11764
11758
11747
11743
11740
11736
11735
11734
11732
11726
11722
11716
11715
11709
11708
11707
11697
11697
11696
11693
11691
11691
11686
11686
11685
11684
11683
11676
11676
11668
11665
11663
11663
11661
11659
11659
11659
11658
11657
11651
11651
11650
11649
11647
11644
11633
11632
11627
11627
11622
11615
11612
11612
11611
11610
11607
11606
11598
11595
11592
11586
11585
11584
11580
11569
11568
11565
11564
11561
11560
11559
11558
11552
11550
11548
11548
11547
11546
11545
11545
11541
11536
11536
11533
11531
11528
11524
11520
11520
11518
11518
11506
11506
11505
11502
11497
11496
11495
11493
11492
11490
11490
11489
11482
11479
11471
11468
11465
11461
11450
11447
11446
11444
11440
11439
11436
11428
11415
11412
11412
11406
11401
11400
11397
11391
11388
11383
11381
11378
11375
11374
11373
11370
11360
11360
11359
11357
11355
11352
11349
11345
11343
11341
11337
11337
11335
11325
11314
11313
11312
11310
11310
11308
11305
11301
11289
11285
11278
11276
11272
11261
11259
11257
11256
11254
11253
11243
11239
11235
11232
11232
11231
11222
11221
11220
11210
11208
11205
11204
11203
11202
11199
11196
11193
11193
11192
11191
11183
11179
11175
11173
11169
11169
11167
11167
11164
11164
11159
11157
11157
11156
11147
11146
11134
11129
11128
11128
11123
11115
11113
11112
11106
11105
11093
11093
11090
11089
11079
11076
11076
11070
11066
11065
11063
11062
11061
11060
11059
11053
11045
11043
11042
11042
11038
11028
11025
11022
11019
11018
11016
11012
11010
11009
11006
11006
11002
11002
11001
11000
11000
10999
10999
10992
10982
10976
10975
10975
10970
10961
10958
10951
10951
10949
10946
10945
10943
10941
10937
10930
10928
10925
10916
10916
10916
10915
10914
10909
10908
10899
10898
10896
10894
10893
10884
10883
10881
10880
10867
10861
10857
10855
10846
10844
10841
10840
10838
10837
10818
10815
10814
10814
10811
10801
10800
10799
10799
10799
10797
10794
10793
10781
10780
10779
10777
10777
10776
10773
10764
10762
10761
10759
10759
10750
10747
10744
10744
10740
10732
10726
10725
10723
10723
10714
10712
10702
10697
10690
10679
10668
10666
10664
10663
10662
10658
10657
10656
10655
10654
10649
10647
10646
10645
10644
10643
10642
10639
10634
10633
10632
10629
10624
10617
10614
10611
10606
10602
10601
10600
10598
10585
10585
10577
10568
10568
10566
10564
10564
10561
10560
10558
10551
10549
10545
10542
10541
10539
10537
10536
10528
10527
10524
10521
10521
10517
10516
10516
10515
10509
10508
10504
10503
10501
10498
10496
10495
10486
10486
10484
10483
10480
10478
10477
10469
10469
10468
10468
10463
10463
10460
10460
10457
10454
10452
10450
10445
10443
10443
10437
10436
10433
10431
10428
10423
10417
10414
10413
10413
10409
10409
10402
10401
10399
10398
10397
10396
10395
10395
10394
10394
10394
10375
10375
10374
10373
10371
10369
10368
10368
10368
10366
10366
10365
10363
10361
10355
10355
10354
10354
10351
10349
10348
10348
10345
10343
10340
10329
10325
10324
10322
10315
10309
10307
10303
10302
10301
10299
10298
10294
10291
10290
10288
10287
10279
10269
10267
10267
10259
10256
10254
10247
10246
10245
10244
10243
10236
10235
10235
10231
10231
10221
10199
10198
10194
10187
10181
10179
10178
10174
10170
10167
10165
10164
10163
10155
10150
10144
10144
10143
10141
10140
10139
10132
10131
10131
10129
10120
10115
10113
10113
10112
10111
10108
10099
10098
10094
10091
10091
10088
10083
10083
10081
10080
10076
10067
10065
10065
10064
10063
10058
10057
10052
10051
10051
10049
10049
10046
10045
10044
10043
10043
10038
10036
10031
10029
10027
10027
10023
10022
10021
10019
10016
10015
10014
10014
10009
10007
10006
10006
10004
10003
10001
9999
9998
9995
9993
9990
9989
9989
9988
9985
9982
9973
9968
9968
9967
9967
9966
9960
9960
9958
9958
9957
9957
9956
9955
9953
9949
9948
9944
9938
9935
9931
9930
9926
9922
9921
9919
9919
9918
9912
9908
9907
9904
9904
9904
9903
9903
9902
9901
9900
9898
9890
9888
9886
9880
9878
9877
9872
9867
9860
9859
9849
9845
9844
9843
9832
9828
9827
9823
9820
9814
9813
9810
9810
9801
9794
9792
9791
9788
9779
9778
9772
9771
9767
9767
9765
9761
9760
9759
9759
9758
9750
9747
9747
9737
9735
9734
9731
9729
9725
9724
9723
9721
9718
9716
9714
9710
9708
9694
9693
9689
9688
9687
9685
9684
9682
9673
9673
9670
9667
9664
9663
9659
9652
9646
9645
9639
9638
9624
9621
9620
9613
9611
9609
9608
9598
9593
9591
9589
9585
9580
9579
9569
9565
9564
9562
9562
9559
9557
9557
9556
9554
9552
9547
9545
9544
9541
9538
9538
9533
9528
9525
9522
9521
9518
9511
9503
9503
9495
9494
9492
9490
9486
9484
9483
9481
9480
9479
9479
9478
9471
9470
9469
9466
9463
9459
9459
9457
9453
9453
9453
9451
9450
9444
9442
9441
9440
9440
9436
9432
9424
9418
9415
9411
9409
9408
9407
9399
9396
9394
9388
9386
9384
9381
9381
9379
9372
9369
9367
9366
9366
9359
9355
9349
9348
9347
9347
9341
9340
9331
9329
9329
9329
9329
9327
9327
9326
9323
9320
9318
9314
9312
9307
9306
9305
9303
9301
9301
9297
9290
9287
9284
9282
9277
9276
9275
9269
9266
9266
9265
9263
9263
9260
9259
9254
9254
9252
9248
9247
9244
9241
9235
9235
9235
9235
9234
9234
9232
9230
9226
9222
9216
9214
9209
9207
9206
9206
9203
9201
9194
9193
9190
9187
9177
9174
9168
9167
9166
9164
9163
9162
9160
9155
9153
9152
9151
9150
9148
9147
9147
9143
9143
9141
9140
9139
9139
9137
9136
9129
9128
9128
9121
9120
9120
9119
9119
9108
9104
9102
9095
9090
9082
9078
9073
9069
9065
9061
9058
9050
9047
9045
9044
9044
9041
9039
9037
9037
9030
9027
9022
9022
9019
9006
9004
8995
8994
8992
8991
8990
8989
8979
8978
8978
8972
8958
8954
8953
8947
8947
8946
8934
8933
8932
8932
8928
8924
8921
8915
8914
8914
8912
8912
8908
8898
8897
8894
8894
8890
8883
8879
8878
8875
8872
8872
8870
8867
8863
8862
8862
8860
8859
8856
8852
8850
8848
8848
8846
8844
8842
8839
8838
8837
8828
8827
8826
8821
8821
8820
8820
8817
8817
8816
8814
8812
8808
8806
8806
8803
8803
8801
8794
8793
8785
8782
8777
8777
8768
8762
8760
8759
8754
8750
8748
8744
8740
8733
8727
8726
8723
8716
8709
8702
8695
8687
8684
8683
8682
8680
8677
8677
8676
8674
8669
8668
8664
8664
8657
8655
8652
8651
8650
8650
8643
8641
8634
8632
8630
8627
8626
8622
8622
8612
8610
8610
8609
8609
8606
8606
8604
8603
8602
8595
8590
8589
8586
8580
8578
8577
8575
8567
8562
8561
8561
8552
8550
8549
8547
8545
8543
8540
8539
8538
8535
8534
8533
8533
8525
8522
8522
8521
8520
8519
8516
8515
8514
8513
8504
8496
8494
8494
8489
8481
8475
8473
8467
8466
8457
8451
8449
8445
8444
8442
8440
8440
8437
8435
8432
8430
8424
8421
8419
8419
8417
8415
8411
8411
8410
8410
8410
8408
8401
8399
8399
8393
8393
8385
8384
8381
8381
8380
8378
8375
8373
8372
8370
8366
8359
8356
8355
8353
8351
8348
8345
8345
8345
8340
8338
8337
8336
8335
8334
8325
8324
8324
8320
8318
8309
8307
8299
8299
8298
8297
8296
8295
8293
8283
8282
8282
8279
8275
8272
8271
8254
8252
8245
8243
8242
8236
8235
8227
8223
8217
8215
8214
8212
8209
8209
8203
8197
8188
8176
8175
8163
8161
8158
8154
8145
8139
8137
8133
8130
8129
8125
8119
8118
8112
8101
8096
8095
8095
8089
8088
8087
8083
8080
8078
8065
8061
8060
8059
8050
8047
8047
8046
8043
8036
8035
8031
8022
8021
8015
8015
8008
8005
8002
7998
7992
7990
7987
7987
7984
7981
7972
7970
7962
7962
7962
7960
7959
7957
7950
7947
7946
7938
7933
7932
7931
7930
7929
7929
7926
7925
7925
7925
7924
7923
7919
7918
7914
7913
7909
7908
7904
7904
7904
7902
7900
7899
7896
7893
7889
7879
7878
7877
7877
7877
7874
7873
7873
7872
7870
7868
7863
7861
7857
7854
7850
7849
7842
7841
7828
7828
7821
7821
7817
7816
7815
7809
7806
7802
7798
7797
7795
7794
7791
7783
7783
7776
7775
7774
7769
7766
7764
7762
7760
7754
7752
7749
7742
7739
7737
7735
7734
7734
7722
7719
7718
7707
7705
7702
7698
7692
7684
7681
7664
7657
7655
7651
7651
7651
7645
7644
7643
7631
7629
7628
7627
7626
7625
7624
7618
7613
7612
7611
7610
7606
7606
7604
7594
7593
7584
7581
7580
7576
7575
7572
7570
7563
7563
7561
7558
7556
7552
7552
7545
7537
7529
7527
7526
7523
7522
7516
7515
7508
7504
7502
7501
7500
7500
7495
7490
7478
7477
7466
7464
7464
7458
7453
7444
7433
7426
7422
7417
7410
7410
7409
7407
7407
7407
7406
7405
7403
7396
7392
7387
7376
7368
7366
7362
7360
7359
7356
7353
7353
7349
7348
7345
7333
7333
7331
7331
7324
7322
7320
7314
7312
7307
7306
7295
7293
7289
7289
7288
7287
7284
7283
7277
7276
7274
7272
7266
7264
7263
7259
7257
7255
7255
7245
7245
7242
7241
7241
7239
7238
7238
7230
7228
7228
7225
7221
7215
7215
7210
7210
7206
7196
7195
7187
7186
7184
7181
7171
7168
7168
7166
7166
7166
7165
7161
7160
7159
7159
7157
7156
7152
7148
7148
7146
7146
7135
7135
7133
7132
7131
7128
7127
7123
7122
7121
7116
7106
7105
7097
7094
7092
7088
7088
7085
7083
7079
7076
7073
7070
7066
7062
7058
7047
7045
7039
7037
7036
7034
7034
7034
7032
7020
7014
7014
7013
7009
7007
6999
6998
6997
6992
6988
6983
6983
6980
6969
6967
6965
6960
6954
6949
6947
6946
6946
6944
6944
6942
6938
6938
6937
6928
6917
6914
6908
6898
6897
6892
6888
6885
6883
6876
6876
6875
6874
6870
6862
6862
6861
6849
6846
6839
6837
6830
6830
6829
6828
6827
6817
6817
6816
6814
6814
6806
6804
6799
6798
6787
6786
6777
6773
6772
6770
6768
6767
6765
6765
6760
6757
6756
6753
6751
6747
6745
6737
6736
6736
6735
6735
6733
6730
6729
6727
6726
6726
6722
6711
6709
6709
6709
6705
6696
6695
6694
6693
6689
6686
6686
6684
6684
6683
6675
6673
6671
6666
6662
6657
6656
6654
6653
6648
6641
6637
6636
6635
6634
6633
6633
6629
6626
6621
6619
6619
6618
6612
6611
6609
6603
6599
6596
6596
6596
6592
6592
6588
6587
6578
6578
6574
6568
6568
6567
6554
6554
6553
6553
6552
6551
6549
6542
6532
6531
6528
6522
6519
6517
6515
6515
6515
6514
6512
6510
6508
6508
6499
6497
6496
6495
6493
6490
6488
6477
6473
6470
6468
6466
6463
6462
6460
6459
6459
6458
6456
6451
6437
6427
6422
6417
6411
6411
6409
6409
6404
6402
6397
6393
6393
6392
6385
6382
6378
6370
6370
6368
6365
6362
6345
6343
6335
6330
6315
6314
6313
6312
6308
6308
6306
6305
6304
6300
6300
6293
6274
6270
6268
6264
6261
6261
6260
6256
6253
6252
6251
6249
6247
6246
6244
6244
6244
6244
6243
6241
6236
6234
6234
6234
6228
6221
6220
6213
6212
6211
6205
6201
6199
6196
6196
6194
6192
6192
6188
6178
6173
6172
6170
6168
6163
6156
6147
6144
6142
6140
6136
6136
6128
6128
6124
6121
6118
6115
6110
6108
6104
6102
6101
6095
6090
6086
6083
6079
6077
6076
6074
6070
6058
6051
6050
6049
6044
6039
6034
6033
6030
6015
6014
6009
6007
5992
5987
5984
5984
5980
5973
5968
5961
5961
5955
5954
5954
5951
5947
5943
5943
5938
5938
5938
5936
5935
5927
5925
5923
5921
5921
5917
5914
5908
5905
5899
5899
5895
5895
5895
5891
5891
5889
5886
5885
5884
5879
5873
5869
5869
5869
5866
5862
5852
5851
5851
5851
5850
5850
5846
5846
5844
5836
5836
5834
5834
5826
5822
5812
5810
5809
5806
5804
5804
5793
5786
5786
5786
5774
5771
5768
5767
5762
5756
5753
5753
5752
5749
5748
5744
5743
5737
5735
5733
5732
5727
5727
5720
5714
5704
5701
5700
5694
5688
5688
5687
5683
5680
5672
5671
5670
5664
5661
5658
5645
5640
5639
5635
5634
5627
5623
5623
5621
5619
5614
5603
5601
5587
5587
5585
5585
5583
5576
5575
5575
5573
5572
5570
5569
5567
5562
5559
5556
5551
5550
5548
5545
5544
5538
5536
5531
5527
5526
5524
5524
5520
5519
5514
5509
5507
5499
5497
5496
5495
5492
5491
5488
5487
5487
5485
5481
5480
5478
5474
5471
5462
5457
5450
5450
5447
5445
5433
5429
5425
5413
5412
5410
5408
5408
5406
5405
5402
5399
5398
5396
5396
5393
5393
5392
5390
5384
5383
5383
5382
5371
5371
5368
5367
5365
5363
5358
5358
5356
5355
5349
5348
5339
5337
5335
5332
5332
5331
5327
5324
5322
5319
5319
5316
5311
5310
5309
5309
5308
5302
5302
5300
5295
5294
5294
5293
5292
5284
5284
5277
5268
5262
5261
5260
5254
5253
5252
5251
5247
5243
5243
5242
5237
5235
5231
5227
5223
5219
5213
5211
5210
5209
5206
5204
5204
5187
5186
5182
5181
5178
5178
5177
5172
5170
5165
5165
5162
5162
5159
5153
5152
5150
5150
5149
5143
5141
5136
5134
5128
5125
5121
5121
5116
5103
5099
5099
5098
5097
5095
5094
5092
5088
5086
5084
5082
5082
5076
5075
5072
5068
5065
5063
5062
5061
5053
5052
5052
5049
5041
5040
5037
5030
5017
5015
5014
5004
5003
4988
4986
4985
4981
4981
4976
4972
4972
4970
4967
4966
4957
4954
4949
4942
4931
4926
4926
4923
4923
4923
4921
4920
4920
4911
4904
4897
4894
4892
4886
4885
4882
4881
4878
4878
4878
4873
4871
4867
4866
4865
4863
4862
4858
4852
4849
4846
4846
4841
4837
4829
4824
4823
4815
4815
4810
4808
4804
4800
4798
4796
4791
4790
4786
4780
4775
4772
4770
4765
4764
4760
4759
4759
4755
4754
4753
4751
4751
4744
4742
4741
4739
4727
4726
4725
4720
4719
4717
4710
4710
4710
4708
4706
4704
4700
4698
4696
4689
4686
4684
4682
4672
4670
4669
4668
4666
4655
4653
4651
4650
4650
4649
4647
4646
4645
4637
4636
4634
4631
4629
4628
4625
4624
4621
4618
4614
4613
4612
4610
4605
4597
4595
4592
4589
4587
4579
4570
4569
4565
4560
4557
4548
4546
4546
4544
4544
4544
4543
4543
4531
4531
4527
4521
4517
4514
4510
4510
4509
4509
4508
4500
4499
4499
4497
4490
4485
4484
4479
4469
4467
4465
4463
4463
4461
4460
4460
4459
4458
4458
4457
4456
4452
4442
4439
4439
4439
4435
4433
4429
4427
4423
4421
4420
4416
4416
4405
4390
4390
4377
4376
4372
4368
4368
4365
4363
4357
4356
4355
4349
4342
4334
4329
4328
4328
4325
4324
4320
4318
4316
4316
4314
4298
4290
4290
4289
4283
4281
4276
4275
4263
4261
4255
4251
4248
4246
4246
4246
4243
4239
4237
4237
4235
4232
4228
4227
4226
4223
4215
4213
4213
4203
4201
4201
4195
4192
4191
4189
4184
4178
4176
4173
4171
4167
4166
4151
4146
4143
4140
4139
4137
4132
4129
4127
4124
4119
4118
4118
4116
4113
4112
4110
4109
4105
4105
4101
4088
4087
4085
4084
4081
4080
4079
4074
4067
4066
4065
4065
4060
4054
4046
4038
4024
4021
4016
4012
4000
3998
3996
3995
3991
3988
3980
3977
3973
3971
3969
3969
3968
3968
3958
3947
3946
3941
3938
3920
3920
3920
3919
3919
3916
3914
3912
3909
3906
3904
3902
3898
3897
3896
3885
3885
3884
3884
3880
3877
3877
3870
3863
3863
3862
3860
3859
3855
3853
3848
3847
3847
3834
3833
3828
3825
3825
3821
3820
3814
3813
3811
3801
3787
3787
3781
3781
3778
3774
3763
3759
3756
3751
3750
3749
3747
3746
3736
3735
3729
3726
3723
3714
3712
3710
3706
3705
3698
3695
3693
3692
3689
3688
3686
3683
3678
3675
3674
3668
3664
3663
3662
3660
3650
3649
3647
3642
3640
3639
3632
3624
3622
3617
3617
3616
3614
3613
3610
3605
3600
3594
3594
3590
3583
3581
3580
3579
3574
3571
3568
3565
3557
3554
3553
3551
3551
3549
3545
3539
3538
3535
3534
3529
3528
3521
3517
3513
3510
3508
3506
3505
3505
3504
3504
3499
3497
3491
3488
3485
3480
3477
3477
3476
3474
3473
3472
3470
3469
3467
3467
3466
3465
3459
3455
3452
3450
3448
3447
3443
3439
3438
3435
3434
3432
3429
3428
3428
3426
3426
3426
3423
3420
3418
3414
3413
3410
3405
3403
3401
3400
3399
3398
3398
3398
3397
3395
3391
3390
3388
3388
3383
3383
3381
3377
3377
3375
3374
3374
3373
3373
3372
3368
3365
3363
3361
3352
3352
3350
3347
3346
3344
3343
3343
3343
3340
3339
3339
3336
3335
3331
3328
3325
3319
3319
3318
3318
3315
3306
3291
3291
3288
3284
3280
3278
3276
3272
3271
3269
3269
3267
3264
3263
3262
3260
3256
3252
3249
3248
3241
3241
3240
3239
3228
3225
3224
3219
3217
3216
3213
3210
3208
3206
3204
3202
3201
3200
3197
3193
3193
3189
3187
3183
3176
3172
3171
3166
3161
3154
3152
3148
3148
3141
3139
3135
3133
3129
3129
3117
3106
3104
3102
3099
3098
3088
3087
3084
3081
3077
3074
3073
3073
3070
3068
3065
3062
3060
3059
3057
3056
3053
3050
3044
3044
3044
3042
3039
3038
3038
3037
3035
3033
3032
3029
3020
3017
3015
3009
3005
3004
2998
2998
2997
2991
2988
2988
2987
2983
2978
2977
2976
2974
2971
2969
2967
2965
2958
2958
2955
2948
2947
2945
2943
2933
2926
2926
2926
2924
2921
2921
2917
2916
2911
2909
2907
2904
2902
2896
2893
2889
2888
2886
2881
2880
2874
2874
2873
2873
2868
2866
2860
2859
2858
2855
2851
2850
2847
2846
2845
2845
2842
2839
2838
2837
2836
2833
2828
2825
2824
2824
2821
2817
2813
2810
2801
2797
2792
2789
2787
2785
2773
2772
2770
2757
2750
2749
2747
2738
2736
2736
2729
2718
2718
2715
2714
2713
2707
2706
2704
2703
2703
2686
2684
2681
2679
2677
2671
2659
2657
2657
2656
2652
2650
2647
2645
2641
2636
2635
2635
2629
2623
2616
2612
2609
2607
2604
2595
2591
2590
2584
2577
2567
2566
2564
2563
2558
2558
2557
2551
2544
2539
2538
2536
2533
2532
2530
2529
2529
2528
2528
2527
2526
2524
2523
2512
2511
2510
2504
2502
2501
2497
2496
2496
2495
2491
2491
2488
2487
2482
2481
2480
2480
2480
2476
2469
2469
2466
2465
2463
2456
2453
2450
2448
2448
2441
2439
2432
2432
2429
2414
2413
2407
2407
2406
2404
2402
2402
2401
2401
2400
2396
2391
2390
2390
2388
2387
2385
2382
2381
2372
2365
2364
2359
2350
2347
2343
2337
2336
2335
2333
2332
2327
2317
2317
2311
2308
2308
2306
2305
2304
2300
2300
2300
2290
2286
2284
2277
2276
2275
2273
2269
2268
2263
2249
2247
2247
2246
2241
2236
2235
2234
2232
2232
2229
2227
2227
2217
2216
2212
2211
2210
2210
2205
2198
2192
2191
2189
2187
2183
2179
2168
2162
2159
2157
2153
2150
2149
2149
2147
2134
2132
2128
2124
2121
2119
2115
2114
2113
2113
2100
2100
2095
2093
2092
2092
2082
2080
2076
2076
2071
2069
2062
2062
2053
2048
2037
2026
2021
2020
2015
2014
2011
2009
2008
2007
2007
2001
1999
1998
1996
1992
1990
1990
1989
1982
1981
1976
1971
1970
1968
1961
1953
1948
1945
1943
1942
1940
1938
1936
1934
1929
1925
1924
1922
1919
1917
1915
1909
1904
1904
1898
1894
1892
1890
1885
1885
1883
1883
1881
1880
1879
1871
1862
1851
1850
1845
1845
1844
1843
1842
1840
1837
1836
1831
1828
1815
1814
1813
1807
1804
1801
1799
1798
1790
1788
1784
1784
1784
1783
1782
1779
1776
1774
1774
1772
1769
1761
1755
1750
1748
1742
1738
1725
1723
1718
1716
1714
1713
1712
1711
1711
1710
1707
1706
1704
1704
1700
1691
1690
1689
1687
1683
1680
1673
1671
1661
1659
1656
1651
1649
1649
1645
1644
1642
1641
1639
1638
1637
1636
1634
1633
1632
1631
1628
1628
1626
1622
1621
1620
1620
1615
1612
1609
1608
1606
1604
1600
1599
1593
1584
1574
1570
1568
1565
1564
1560
1555
1553
1543
1542
1532
1531
1530
1526
1525
1525
1523
1523
1522
1522
1516
1513
1512
1508
1508
1502
1502
1500
1492
1492
1491
1489
1485
1476
1476
1475
1474
1472
1470
1469
1466
1459
1458
1458
1451
1451
1447
1442
1434
1433
1433
1432
1424
1424
1420
1420
1408
1401
1400
1397
1391
1390
1387
1384
1383
1383
1382
1380
1380
1378
1378
1375
1369
1368
1367
1367
1364
1358
1356
1356
1354
1351
1347
1345
1345
1344
1343
1343
1340
1338
1337
1326
1326
1324
1322
1320
1319
1316
1309
1309
1306
1305
1305
1302
1302
1301
1298
1298
1295
1280
1279
1276
1276
1276
1272
1270
1268
1260
1259
1256
1255
1255
1247
1244
1242
1236
1236
1230
1229
1228
1223
1220
1216
1207
1201
1200
1191
1191
1191
1184
1183
1181
1181
1180
1176
1175
1162
1161
1158
1152
1149
1148
1143
1142
1134
1125
1120
1118
1112
1112
1111
1108
1106
1103
1099
1096
1092
1090
1088
1084
1078
1075
1073
1073
1072
1072
1070
1066
1062
1062
1060
1055
1055
1054
1053
1047
1041
1037
1032
1032
1029
1026
1025
1018
1011
1007
1007
1005
1005
995
995
993
992
990
990
988
987
983
982
979
972
972
970
969
959
959
959
959
958
957
956
953
950
944
941
938
936
926
925
925
923
920
917
916
915
911
911
910
906
906
901
900
897
897
889
889
887
884
882
878
875
866
865
862
862
854
852
850
848
844
843
843
842
840
838
836
835
834
833
831
831
830
830
827
825
824
823
818
806
805
803
790
789
783
783
779
774
771
769
768
763
762
756
753
745
745
744
735
731
729
729
726
724
717
717
717
709
702
701
699
697
686
685
684
684
683
683
680
678
678
672
662
661
658
657
655
654
652
649
642
638
633
633
632
630
627
625
616
613
612
612
610
606
604
602
601
599
598
593
586
586
585
572
555
554
550
549
545
542
540
533
526
525
524
518
517
515
514
513
506
503
500
493
489
487
485
484
479
475
475
475
473
471
468
465
464
463
459
458
456
455
451
451
451
448
437
434
434
433
431
430
428
425
424
424
419
413
409
406
396
396
395
389
384
383
383
380
379
378
376
375
375
372
371
368
363
356
355
354
348
332
325
318
317
315
310
310
308
307
307
304
304
296
292
290
290
281
280
278
277
276
274
273
270
268
266
266
264
263
259
257
256
255
252
252
251
244
235
227
225
217
216
208
206
206
199
194
193
190
186
185
175
174
172
169
164
162
161
159
159
152
148
146
145
144
134
124
120
120
119
118
114
111
111
110
101
93
92
86
80
78
77
57
57
55
55
51
47
46
45
39
38
31
29
24
21
16
4
3
