4287
14362
8619
7155
21005
2696
11095
1669
24173
11461
26776
6918
20751
29612
25749
22610
15545
15490
24194
22595
24395
1075
23889
21552
20221
18741
27705
529
17611
28527
18098
21899
19241
3070
5406
10246
12118
22853
11916
6292
4314
15044
13210
1417
21008
8959
24027
12905
24449
24574
5500
25197
25649
5741
16749
22223
24483
14455
22752
12094
19334
10850
10345
8576
20272
22104
18822
2391
14957
7090
8683
25624
28486
28245
27041
19494
13556
27421
2399
14357
28347
14251
9554
23996
19993
2656
16219
14476
23463
8971
2922
19149
26174
19620
27725
22798
11724
22900
25189
3033
29990
10224
28657
28477
8469
2051
24323
28377
5824
3075
12735
4171
17326
28641
28167
7319
1297
20739
28147
1112
6062
7422
20262
8588
27042
24339
1387
15118
17239
2928
18151
23582
13153
23161
28411
27974
25212
22734
26352
1036
25809
15439
11559
19488
14080
9726
3159
21730
6817
7659
22842
12880
15081
13104
27820
18475
7444
29207
3593
1035
8488
28096
24617
21641
21257
23028
25967
22821
15763
28671
209
17924
14110
11768
7412
28191
27847
16924
26273
4664
24583
19115
23896
9664
8572
28069
28139
22368
27276
8084
23403
12116
6180
18021
3757
3790
17401
6077
26611
3164
4748
26821
27441
25211
14941
11205
29754
12788
28129
26027
23805
29064
15142
24053
8728
66
22122
13219
22434
25751
21303
15838
7867
3836
10211
17977
7626
27612
24054
10589
7129
5154
7410
4570
6717
28704
22127
6471
11492
26609
8850
11649
25673
345
5703
10754
411
4177
325
22846
29928
21629
15036
7796
1817
25247
2125
9443
22859
2531
20032
6340
7685
3795
17262
20755
2499
9390
27226
20343
12351
6077
8345
8024
6422
14048
25130
13185
24577
25456
6031
24506
23437
21067
8654
25254
22666
10779
11049
21878
13310
7433
28218
27347
17580
15481
18102
20079
1223
21681
16775
13574
4110
25120
21598
10532
15520
23081
23717
16449
18537
6101
10955
11974
3520
25961
13580
26187
13092
981
18065
2754
8414
22635
102
25995
8116
24556
22426
9339
16237
9201
29265
20347
10673
20864
7231
2545
13945
7301
18995
8834
13402
6302
27160
23274
8616
10740
25813
21708
11721
20230
24463
20135
12866
917
22482
27334
25473
14909
13026
18063
462
12291
8410
17488
9507
21994
26385
23452
29295
15380
8638
19049
28035
5798
18675
6651
16538
14489
28359
4611
4719
29174
1099
17585
91
23581
14920
25565
14842
4298
13628
15305
16589
28390
9145
26097
26736
5530
25901
26031
27263
4540
21432
25298
16690
10108
8301
9581
24597
13012
14192
5668
12187
21643
23254
12278
21577
14526
14195
6419
18824
4175
28076
11765
8918
13573
14214
5654
19104
10116
8038
16367
21008
5822
18017
14050
15930
2670
23631
16879
15682
14176
22548
27869
5819
22154
16500
27396
13032
7047
10168
8208
11223
14596
19973
26493
28170
4188
2147
17274
20656
10185
9993
18016
16008
4362
2066
8290
7032
25698
1522
22714
16226
422
26936
22045
28928
19788
25794
11960
26835
5962
20168
14410
20558
16493
10903
25080
27033
19403
12354
24041
5940
28699
12057
28300
3061
20476
12943
10093
22526
14465
9160
8752
21239
12448
797
20167
8588
2943
8479
11775
8905
28647
2538
5816
21492
19793
896
18526
9196
19603
12567
15137
18302
977
13437
21364
21453
2732
7809
13979
17197
23321
22731
14788
12121
29880
4955
20709
2824
13434
8837
18081
18433
11375
249
9926
1168
7498
4804
16717
27101
23723
1854
21755
24700
21643
19471
16153
24376
27281
6484
17925
26954
29215
2714
15428
29096
14021
12489
8272
3808
21326
26353
22241
9053
26603
8519
16574
10453
13323
3291
7554
7047
11497
29309
1747
3140
25133
24253
3868
28766
737
28146
25720
6305
7212
17500
11753
21233
29990
20025
25041
21316
22730
23635
6722
25685
2154
23296
6138
15478
26587
20044
28877
8084
25706
6976
17576
20839
1229
27797
19605
8319
25943
21677
14624
3155
9178
26377
740
9168
22754
25782
6836
15484
19417
13558
11170
27923
13206
23660
13401
9793
13705
18630
24229
9411
25607
18158
250
26836
15955
26207
11507
18250
17884
26131
21405
27062
28860
28497
6230
27966
24279
19419
13451
20048
9329
973
17972
22536
985
7725
2329
14690
26356
2911
453
21963
21069
703
25151
7024
26910
6659
25274
21147
9142
23031
18209
14355
21528
792
12321
22160
20211
2124
18560
5892
9449
6532
28428
10435
20610
7110
1477
16966
10021
1931
15281
1090
8986
16784
14466
12249
29795
9740
3396
8938
9123
27957
29645
7003
28749
18318
29163
25312
26795
17724
1205
6244
608
29633
23031
21218
6743
24509
14536
23116
2792
29817
24206
11778
22954
8672
379
22749
24764
3775
8039
10239
1733
7684
17243
6834
2355
16406
8499
29150
10482
9704
5394
17443
15689
4778
8661
28785
29287
29550
21901
8431
5719
22460
20209
28673
1132
20589
21423
2249
716
29462
12488
8801
13499
29731
15636
15854
22490
24135
15004
9324
10191
26750
26767
25880
1528
11781
1017
7167
11331
22919
15598
17050
15379
5808
15724
22863
2749
13499
25112
9817
19313
7601
18619
2812
13684
4255
18666
6174
28390
10022
15499
14933
6773
18618
10813
8301
399
11831
15469
11730
11102
1067
5133
26481
13227
27209
19344
22328
17060
20809
2146
6373
4762
20765
9186
18446
1372
4204
973
6114
14227
22824
21047
21000
11442
1860
29301
18194
20043
21122
6276
1145
22190
17761
3978
11769
14970
29675
4098
2030
20484
12596
8404
1598
3361
23942
26396
11085
28146
27369
17199
12373
26545
8246
9725
14340
16458
15379
2534
12854
6501
15162
20351
5043
2924
24330
16813
24246
24005
27263
26277
20841
9859
11033
28791
19572
4975
25187
657
9473
28909
24208
28199
25454
8806
7924
16146
25264
23303
25032
14470
29805
10195
4822
4848
19471
29152
28013
13717
29509
25276
9994
26702
11487
27379
1845
7411
8706
27032
14420
18180
25941
8628
16379
27748
17434
655
13894
19051
23959
8927
3521
116
25474
14695
11316
14945
13847
15682
28662
19708
10958
15009
22762
28798
12388
24607
6209
27447
27992
20630
15627
23933
5610
8358
28033
29397
9013
18280
18448
9324
3559
28321
15792
29033
13017
27109
20330
3216
12791
25344
29277
101
10353
22039
