66
91
101
102
116
209
249
250
325
345
379
399
411
422
453
462
529
608
655
657
703
716
737
740
792
797
896
917
973
973
977
981
985
1017
1035
1036
1067
1075
1090
1099
1112
1132
1145
1168
1205
1223
1229
1297
1372
1387
1417
1477
1522
1528
1598
1669
1733
1747
1817
1845
1854
1860
1931
2030
2051
2066
2124
2125
2146
2147
2154
2249
2329
2355
2391
2399
2499
2531
2534
2538
2545
2656
2670
2696
2714
2732
2749
2754
2792
2812
2824
2911
2922
2924
2928
2943
3033
3061
3070
3075
3140
3155
3159
3164
3216
3291
3361
3396
3520
3521
3559
3593
3757
3775
3790
3795
3808
3836
3868
3978
4098
4110
4171
4175
4177
4188
4204
4255
4287
4298
4314
4362
4540
4570
4611
4664
4719
4748
4762
4778
4804
4822
4848
4955
4975
5043
5133
5154
5394
5406
5500
5530
5610
5654
5668
5703
5719
5741
5798
5808
5816
5819
5822
5824
5892
5940
5962
6031
6062
6077
6077
6101
6114
6138
6174
6180
6209
6230
6244
6276
6292
6302
6305
6340
6373
6419
6422
6471
6484
6501
6532
6651
6659
6717
6722
6743
6773
6817
6834
6836
6918
6976
7003
7024
7032
7047
7047
7090
7110
7129
7155
7167
7212
7231
7301
7319
7410
7411
7412
7422
7433
7444
7498
7554
7601
7626
7659
7684
7685
7725
7796
7809
7867
7924
8024
8038
8039
8084
8084
8116
8208
8246
8272
8290
8301
8301
8319
8345
8358
8404
8410
8414
8431
8469
8479
8488
8499
8519
8572
8576
8588
8588
8616
8619
8628
8638
8654
8661
8672
8683
8706
8728
8752
8801
8806
8834
8837
8850
8905
8918
8927
8938
8959
8971
8986
9013
9053
9123
9142
9145
9160
9168
9178
9186
9196
9201
9324
9324
9329
9339
9390
9411
9443
9449
9473
9507
9554
9581
9664
9704
9725
9726
9740
9793
9817
9859
9926
9993
9994
10021
10022
10093
10108
10116
10168
10185
10191
10195
10211
10224
10239
10246
10345
10353
10435
10453
10482
10532
10589
10673
10740
10754
10779
10813
10850
10903
10955
10958
11033
11049
11085
11095
11102
11170
11205
11223
11316
11331
11375
11442
11461
11487
11492
11497
11507
11559
11649
11721
11724
11730
11753
11765
11768
11769
11775
11778
11781
11831
11916
11960
11974
12057
12094
12116
12118
12121
12187
12249
12278
12291
12321
12351
12354
12373
12388
12448
12488
12489
12567
12596
12735
12788
12791
12854
12866
12880
12905
12943
13012
13017
13026
13032
13092
13104
13153
13185
13206
13210
13219
13227
13310
13323
13401
13402
13434
13437
13451
13499
13499
13556
13558
13573
13574
13580
13628
13684
13705
13717
13847
13894
13945
13979
14021
14048
14050
14080
14110
14176
14192
14195
14214
14227
14251
14340
14355
14357
14362
14410
14420
14455
14465
14466
14470
14476
14489
14526
14536
14596
14624
14690
14695
14788
14842
14909
14920
14933
14941
14945
14957
14970
15004
15009
15036
15044
15081
15118
15137
15142
15162
15281
15305
15379
15379
15380
15428
15439
15469
15478
15481
15484
15490
15499
15520
15545
15598
15627
15636
15682
15682
15689
15724
15763
15792
15838
15854
15930
15955
16008
16146
16153
16219
16226
16237
16367
16379
16406
16449
16458
16493
16500
16538
16574
16589
16690
16717
16749
16775
16784
16813
16879
16924
16966
17050
17060
17197
17199
17239
17243
17262
17274
17326
17401
17434
17443
17488
17500
17576
17580
17585
17611
17724
17761
17884
17924
17925
17972
17977
18016
18017
18021
18063
18065
18081
18098
18102
18151
18158
18180
18194
18209
18250
18280
18302
18318
18433
18446
18448
18475
18526
18537
18560
18618
18619
18630
18666
18675
18741
18822
18824
18995
19049
19051
19104
19115
19149
19241
19313
19334
19344
19403
19417
19419
19471
19471
19488
19494
19572
19603
19605
19620
19708
19788
19793
19973
19993
20025
20032
20043
20044
20048
20079
20135
20167
20168
20209
20211
20221
20230
20262
20272
20330
20343
20347
20351
20476
20484
20558
20589
20610
20630
20656
20709
20739
20751
20755
20765
20809
20839
20841
20864
21000
21005
21008
21008
21047
21067
21069
21122
21147
21218
21233
21239
21257
21303
21316
21326
21364
21405
21423
21432
21453
21492
21528
21552
21577
21598
21629
21641
21643
21643
21677
21681
21708
21730
21755
21878
21899
21901
21963
21994
22039
22045
22104
22122
22127
22154
22160
22190
22223
22241
22328
22368
22426
22434
22460
22482
22490
22526
22536
22548
22595
22610
22635
22666
22714
22730
22731
22734
22749
22752
22754
22762
22798
22821
22824
22842
22846
22853
22859
22863
22900
22919
22954
23028
23031
23031
23081
23116
23161
23254
23274
23296
23303
23321
23403
23437
23452
23463
23581
23582
23631
23635
23660
23717
23723
23805
23889
23896
23933
23942
23959
23996
24005
24027
24041
24053
24054
24135
24173
24194
24206
24208
24229
24246
24253
24279
24323
24330
24339
24376
24395
24449
24463
24483
24506
24509
24556
24574
24577
24583
24597
24607
24617
24700
24764
25032
25041
25080
25112
25120
25130
25133
25151
25187
25189
25197
25211
25212
25247
25254
25264
25274
25276
25298
25312
25344
25454
25456
25473
25474
25565
25607
25624
25649
25673
25685
25698
25706
25720
25749
25751
25782
25794
25809
25813
25880
25901
25941
25943
25961
25967
25995
26027
26031
26097
26131
26174
26187
26207
26273
26277
26352
26353
26356
26377
26385
26396
26481
26493
26545
26587
26603
26609
26611
26702
26736
26750
26767
26776
26795
26821
26835
26836
26910
26936
26954
27032
27033
27041
27042
27062
27101
27109
27160
27209
27226
27263
27263
27276
27281
27334
27347
27369
27379
27396
27421
27441
27447
27612
27705
27725
27748
27797
27820
27847
27869
27923
27957
27966
27974
27992
28013
28033
28035
28069
28076
28096
28129
28139
28146
28146
28147
28167
28170
28191
28199
28218
28245
28300
28321
28347
28359
28377
28390
28390
28411
28428
28477
28486
28497
28527
28641
28647
28657
28662
28671
28673
28699
28704
28749
28766
28785
28791
28798
28860
28877
28909
28928
29033
29064
29096
29150
29152
29163
29174
29207
29215
29265
29277
29287
29295
29301
29309
29397
29462
29509
29550
29612
29633
29645
29675
29731
29754
29795
29805
29817
29880
29928
29990
29990
