29990
29990
29928
29880
29817
29805
29795
29754
29731
29675
29645
29633
29612
29550
29509
29462
29397
29309
29301
29295
29287
29277
29265
29215
29207
29174
29163
29152
29150
29096
29064
29033
28928
28909
28877
28860
28798
28791
28785
28766
28749
28704
28699
28673
28671
28662
28657
28647
28641
28527
28497
28486
28477
28428
28411
28390
28390
28377
28359
28347
28321
28300
28245
28218
28199
28191
28170
28167
28147
28146
28146
28139
28129
28096
28076
28069
28035
28033
28013
27992
27974
27966
27957
27923
27869
27847
27820
27797
27748
27725
27705
27612
27447
27441
27421
27396
27379
27369
27347
27334
27281
27276
27263
27263
27226
27209
27160
27109
27101
27062
27042
27041
27033
27032
26954
26936
26910
26836
26835
26821
26795
26776
26767
26750
26736
26702
26611
26609
26603
26587
26545
26493
26481
26396
26385
26377
26356
26353
26352
26277
26273
26207
26187
26174
26131
26097
26031
26027
25995
25967
25961
25943
25941
25901
25880
25813
25809
25794
25782
25751
25749
25720
25706
25698
25685
25673
25649
25624
25607
25565
25474
25473
25456
25454
25344
25312
25298
25276
25274
25264
25254
25247
25212
25211
25197
25189
25187
25151
25133
25130
25120
25112
25080
25041
25032
24764
24700
24617
24607
24597
24583
24577
24574
24556
24509
24506
24483
24463
24449
24395
24376
24339
24330
24323
24279
24253
24246
24229
24208
24206
24194
24173
24135
24054
24053
24041
24027
24005
23996
23959
23942
23933
23896
23889
23805
23723
23717
23660
23635
23631
23582
23581
23463
23452
23437
23403
23321
23303
23296
23274
23254
23161
23116
23081
23031
23031
23028
22954
22919
22900
22863
22859
22853
22846
22842
22824
22821
22798
22762
22754
22752
22749
22734
22731
22730
22714
22666
22635
22610
22595
22548
22536
22526
22490
22482
22460
22434
22426
22368
22328
22241
22223
22190
22160
22154
22127
22122
22104
22045
22039
21994
21963
21901
21899
21878
21755
21730
21708
21681
21677
21643
21643
21641
21629
21598
21577
21552
21528
21492
21453
21432
21423
21405
21364
21326
21316
21303
21257
21239
21233
21218
21147
21122
21069
21067
21047
21008
21008
21005
21000
20864
20841
20839
20809
20765
20755
20751
20739
20709
20656
20630
20610
20589
20558
20484
20476
20351
20347
20343
20330
20272
20262
20230
20221
20211
20209
20168
20167
20135
20079
20048
20044
20043
20032
20025
19993
19973
19793
19788
19708
19620
19605
19603
19572
19494
19488
19471
19471
19419
19417
19403
19344
19334
19313
19241
19149
19115
19104
19051
19049
18995
18824
18822
18741
18675
18666
18630
18619
18618
18560
18537
18526
18475
18448
18446
18433
18318
18302
18280
18250
18209
18194
18180
18158
18151
18102
18098
18081
18065
18063
18021
18017
18016
17977
17972
17925
17924
17884
17761
17724
17611
17585
17580
17576
17500
17488
17443
17434
17401
17326
17274
17262
17243
17239
17199
17197
17060
17050
16966
16924
16879
16813
16784
16775
16749
16717
16690
16589
16574
16538
16500
16493
16458
16449
16406
16379
16367
16237
16226
16219
16153
16146
16008
15955
15930
15854
15838
15792
15763
15724
15689
15682
15682
15636
15627
15598
15545
15520
15499
15490
15484
15481
15478
15469
15439
15428
15380
15379
15379
15305
15281
15162
15142
15137
15118
15081
15044
15036
15009
15004
14970
14957
14945
14941
14933
14920
14909
14842
14788
14695
14690
14624
14596
14536
14526
14489
14476
14470
14466
14465
14455
14420
14410
14362
14357
14355
14340
14251
14227
14214
14195
14192
14176
14110
14080
14050
14048
14021
13979
13945
13894
13847
13717
13705
13684
13628
13580
13574
13573
13558
13556
13499
13499
13451
13437
13434
13402
13401
13323
13310
13227
13219
13210
13206
13185
13153
13104
13092
13032
13026
13017
13012
12943
12905
12880
12866
12854
12791
12788
12735
12596
12567
12489
12488
12448
12388
12373
12354
12351
12321
12291
12278
12249
12187
12121
12118
12116
12094
12057
11974
11960
11916
11831
11781
11778
11775
11769
11768
11765
11753
11730
11724
11721
11649
11559
11507
11497
11492
11487
11461
11442
11375
11331
11316
11223
11205
11170
11102
11095
11085
11049
11033
10958
10955
10903
10850
10813
10779
10754
10740
10673
10589
10532
10482
10453
10435
10353
10345
10246
10239
10224
10211
10195
10191
10185
10168
10116
10108
10093
10022
10021
9994
9993
9926
9859
9817
9793
9740
9726
9725
9704
9664
9581
9554
9507
9473
9449
9443
9411
9390
9339
9329
9324
9324
9201
9196
9186
9178
9168
9160
9145
9142
9123
9053
9013
8986
8971
8959
8938
8927
8918
8905
8850
8837
8834
8806
8801
8752
8728
8706
8683
8672
8661
8654
8638
8628
8619
8616
8588
8588
8576
8572
8519
8499
8488
8479
8469
8431
8414
8410
8404
8358
8345
8319
8301
8301
8290
8272
8246
8208
8116
8084
8084
8039
8038
8024
7924
7867
7809
7796
7725
7685
7684
7659
7626
7601
7554
7498
7444
7433
7422
7412
7411
7410
7319
7301
7231
7212
7167
7155
7129
7110
7090
7047
7047
7032
7024
7003
6976
6918
6836
6834
6817
6773
6743
6722
6717
6659
6651
6532
6501
6484
6471
6422
6419
6373
6340
6305
6302
6292
6276
6244
6230
6209
6180
6174
6138
6114
6101
6077
6077
6062
6031
5962
5940
5892
5824
5822
5819
5816
5808
5798
5741
5719
5703
5668
5654
5610
5530
5500
5406
5394
5154
5133
5043
4975
4955
4848
4822
4804
4778
4762
4748
4719
4664
4611
4570
4540
4362
4314
4298
4287
4255
4204
4188
4177
4175
4171
4110
4098
3978
3868
3836
3808
3795
3790
3775
3757
3593
3559
3521
3520
3396
3361
3291
3216
3164
3159
3155
3140
3075
3070
3061
3033
2943
2928
2924
2922
2911
2824
2812
2792
2754
2749
2732
2714
2696
2670
2656
2545
2538
2534
2531
2499
2399
2391
2355
2329
2249
2154
2147
2146
2125
2124
2066
2051
2030
1931
1860
1854
1845
1817
1747
1733
1669
1598
1528
1522
1477
1417
1387
1372
1297
1229
1223
1205
1168
1145
1132
1112
1099
1090
1075
1067
1036
1035
1017
985
981
977
973
973
917
896
797
792
740
737
716
703
657
655
608
529
462
453
422
411
399
379
345
325
250
249
209
116
102
101
91
66
