49
72
112
130
189
223
275
359
365
547
553
590
641
705
718
721
752
772
781
842
972
973
983
1017
1033
1044
1045
1055
1080
1098
1137
1151
1204
1221
1221
1273
1288
1301
1327
1337
1362
1412
1439
1490
1615
1717
1732
1741
1804
1854
1966
1986
2060
2217
2298
2301
2309
2344
2451
2475
2486
2546
2563
2620
2636
2662
2666
2730
2809
2837
2856
2880
2897
2944
3008
3062
3105
3175
3204
3228
3266
3272
3302
3309
3341
3365
3376
3429
3531
3550
3614
3624
3643
3661
3677
3735
3761
3767
3776
3824
3842
3852
3909
3950
3983
4012
4022
4139
4173
4247
4271
4287
4330
4342
4369
4393
4459
4465
4514
4522
4535
4545
4554
4561
4568
4575
4589
4686
4690
4702
4705
4731
4734
4758
4764
4775
4779
4834
4873
4938
4940
4946
4991
5008
5090
5093
5109
5172
5200
5303
5307
5343
5409
5417
5438
5455
5505
5508
5538
5574
5622
5693
5698
5708
5708
5717
5760
5785
5798
5801
5804
5881
5890
5890
5893
5952
6048
6075
6080
6143
6166
6167
6209
6221
6249
6259
6259
6287
6345
6354
6410
6439
6522
6552
6594
6731
6792
6797
6812
6832
6838
7069
7128
7140
7216
7277
7279
7294
7358
7364
7418
7426
7426
7474
7490
7491
7499
7544
7596
7655
7685
7694
7721
7752
7752
7760
7802
7836
7853
7871
7903
7923
7930
7994
7996
8009
8061
8155
8163
8170
8181
8192
8199
8201
8212
8213
8236
8269
8354
8372
8412
8436
8487
8494
8509
8559
8581
8687
8700
8780
8838
8842
8871
8882
8957
8981
8985
8996
8997
9080
9109
9123
9126
9214
9225
9235
9243
9309
9310
9386
9427
9483
9528
9538
9540
9558
9577
9583
9720
9732
9808
9811
9834
9848
9878
9916
9916
9954
9984
9986
10007
10028
10045
10051
10164
10208
10231
10285
10297
10303
10304
10308
10426
10441
10452
10455
10461
10472
10476
10479
10481
10482
10499
10503
10504
10509
10520
10525
10535
10557
10566
10585
10592
10592
10597
10635
10641
10660
10668
10701
10755
10761
10831
10842
10866
10883
10926
10936
10964
10981
11002
11009
11067
11069
11093
11183
11235
11255
11273
11279
11283
11289
11300
11302
11322
11322
11425
11459
11490
11504
11628
11630
11649
11695
11740
11769
11777
11873
11877
11881
11886
11997
12002
12030
12066
12082
12089
12091
12093
12100
12124
12186
12281
12351
12356
12381
12417
12421
12450
12496
12520
12552
12600
12670
12672
12677
12678
12747
12748
12754
12783
12786
12790
12818
12819
12835
12872
12998
13055
13084
13090
13104
13117
13120
13177
13193
13214
13246
13272
13272
13280
13331
13381
13387
13395
13455
13488
13503
13504
13526
13533
13625
13647
13673
13699
13699
13711
13786
13798
13804
13814
13824
13857
13881
13910
13932
13945
13976
13976
13996
14002
14002
14030
14039
14059
14065
14081
14093
14099
14106
14200
14247
14267
14276
14289
14319
14325
14337
14344
14362
14386
14387
14412
14437
14444
14527
14621
14665
14680
14703
14860
14870
14902
14924
14925
15000
15039
15039
15044
15046
15057
15085
15097
15162
15164
15176
15237
15270
15290
15312
15317
15321
15326
15368
15372
15393
15473
15516
15516
15537
15551
15568
15599
15617
15660
15677
15704
15737
15773
15813
15814
15886
15888
15945
15967
15972
16030
16045
16134
16137
16173
16184
16225
16279
16290
16310
16312
16353
16385
16453
16455
16534
16567
16597
16597
16642
16656
16666
16785
16798
16801
16806
16837
16894
16922
16934
16957
16982
17029
17061
17065
17068
17104
17123
17131
17202
17237
17282
17411
17506
17509
17548
17586
17615
17662
17677
17682
17725
17725
17829
17905
17934
17948
17955
17964
18011
18072
18074
18126
18192
18192
18212
18262
18264
18396
18448
18488
18569
18578
18649
18654
18667
18682
18709
18714
18717
18802
18846
18860
18938
18968
18993
19013
19036
19106
19136
19219
19221
19243
19277
19283
19305
19323
19325
19330
19339
19433
19458
19466
19483
19493
19507
19561
19581
19624
19654
19661
19672
19691
19700
19750
19770
19773
19785
19828
19924
19925
19932
19964
19969
19996
20056
20061
20067
20108
20130
20213
20237
20337
20341
20395
20419
20517
20530
20539
20545
20548
20566
20623
20650
20665
20669
20688
20708
20773
20826
20842
20852
20871
20878
20891
20947
20995
21008
21026
21041
21059
21077
21109
21197
21241
21267
21297
21354
21404
21422
21486
21570
21574
21591
21603
21623
21668
21761
21769
21780
21824
21850
21864
21864
21886
21887
21928
21947
21962
21964
21996
22014
22022
22025
22129
22140
22150
22191
22216
22237
22251
22253
22257
22265
22272
22288
22293
22293
22381
22400
22446
22477
22577
22581
22611
22625
22629
22708
22734
22766
22769
22771
22804
22890
22915
22941
22964
22972
22984
23032
23121
23124
23176
23197
23199
23206
23280
23300
23320
23334
23340
23353
23408
23452
23461
23569
23580
23589
23668
23690
23695
23730
23731
23787
23851
23854
23871
23873
23896
23899
23921
23984
24017
24022
24030
24034
24047
24065
24067
24119
24151
24159
24169
24223
24261
24270
24294
24317
24390
24394
24404
24423
24454
24455
24501
24613
24616
24658
24663
24707
24814
24837
24847
24859
24886
24937
24963
24973
25001
25033
25035
25073
25078
25089
25149
25173
25193
25235
25238
25269
25348
25359
25359
25363
25372
25424
25429
25485
25564
25594
25619
25672
25706
25711
25714
25716
25721
25734
25785
25877
25877
25881
25931
25955
25968
26020
26037
26090
26108
26183
26294
26347
26391
26393
26461
26465
26484
26507
26520
26529
26584
26620
26647
26655
26688
26732
26736
26758
26771
26795
26828
26834
26841
26935
26973
26999
27030
27033
27102
27159
27174
27217
27235
27267
27319
27331
27345
27351
27359
27396
27399
27476
27509
27523
27539
27552
27561
27616
27635
27652
27676
27677
27690
27731
27739
27739
27747
27755
27777
27783
27789
27793
27839
27972
27996
28001
28008
28073
28169
28206
28226
28253
28319
28330
28358
28445
28447
28497
28527
28530
28543
28557
28616
28629
28655
28698
28731
28790
28802
28804
28857
28877
28881
28913
28974
28993
29012
29052
29064
29090
29094
29098
29154
29216
29221
29233
29387
29402
29408
29461
29484
29493
29538
29622
29640
29652
29704
29715
29727
29731
29737
29834
29897
29993
