29993
29897
29834
29737
29731
29727
29715
29704
29652
29640
29622
29538
29493
29484
29461
29408
29402
29387
29233
29221
29216
29154
29098
29094
29090
29064
29052
29012
28993
28974
28913
28881
28877
28857
28804
28802
28790
28731
28698
28655
28629
28616
28557
28543
28530
28527
28497
28447
28445
28358
28330
28319
28253
28226
28206
28169
28073
28008
28001
27996
27972
27839
27793
27789
27783
27777
27755
27747
27739
27739
27731
27690
27677
27676
27652
27635
27616
27561
27552
27539
27523
27509
27476
27399
27396
27359
27351
27345
27331
27319
27267
27235
27217
27174
27159
27102
27033
27030
26999
26973
26935
26841
26834
26828
26795
26771
26758
26736
26732
26688
26655
26647
26620
26584
26529
26520
26507
26484
26465
26461
26393
26391
26347
26294
26183
26108
26090
26037
26020
25968
25955
25931
25881
25877
25877
25785
25734
25721
25716
25714
25711
25706
25672
25619
25594
25564
25485
25429
25424
25372
25363
25359
25359
25348
25269
25238
25235
25193
25173
25149
25089
25078
25073
25035
25033
25001
24973
24963
24937
24886
24859
24847
24837
24814
24707
24663
24658
24616
24613
24501
24455
24454
24423
24404
24394
24390
24317
24294
24270
24261
24223
24169
24159
24151
24119
24067
24065
24047
24034
24030
24022
24017
23984
23921
23899
23896
23873
23871
23854
23851
23787
23731
23730
23695
23690
23668
23589
23580
23569
23461
23452
23408
23353
23340
23334
23320
23300
23280
23206
23199
23197
23176
23124
23121
23032
22984
22972
22964
22941
22915
22890
22804
22771
22769
22766
22734
22708
22629
22625
22611
22581
22577
22477
22446
22400
22381
22293
22293
22288
22272
22265
22257
22253
22251
22237
22216
22191
22150
22140
22129
22025
22022
22014
21996
21964
21962
21947
21928
21887
21886
21864
21864
21850
21824
21780
21769
21761
21668
21623
21603
21591
21574
21570
21486
21422
21404
21354
21297
21267
21241
21197
21109
21077
21059
21041
21026
21008
20995
20947
20891
20878
20871
20852
20842
20826
20773
20708
20688
20669
20665
20650
20623
20566
20548
20545
20539
20530
20517
20419
20395
20341
20337
20237
20213
20130
20108
20067
20061
20056
19996
19969
19964
19932
19925
19924
19828
19785
19773
19770
19750
19700
19691
19672
19661
19654
19624
19581
19561
19507
19493
19483
19466
19458
19433
19339
19330
19325
19323
19305
19283
19277
19243
19221
19219
19136
19106
19036
19013
18993
18968
18938
18860
18846
18802
18717
18714
18709
18682
18667
18654
18649
18578
18569
18488
18448
18396
18264
18262
18212
18192
18192
18126
18074
18072
18011
17964
17955
17948
17934
17905
17829
17725
17725
17682
17677
17662
17615
17586
17548
17509
17506
17411
17282
17237
17202
17131
17123
17104
17068
17065
17061
17029
16982
16957
16934
16922
16894
16837
16806
16801
16798
16785
16666
16656
16642
16597
16597
16567
16534
16455
16453
16385
16353
16312
16310
16290
16279
16225
16184
16173
16137
16134
16045
16030
15972
15967
15945
15888
15886
15814
15813
15773
15737
15704
15677
15660
15617
15599
15568
15551
15537
15516
15516
15473
15393
15372
15368
15326
15321
15317
15312
15290
15270
15237
15176
15164
15162
15097
15085
15057
15046
15044
15039
15039
15000
14925
14924
14902
14870
14860
14703
14680
14665
14621
14527
14444
14437
14412
14387
14386
14362
14344
14337
14325
14319
14289
14276
14267
14247
14200
14106
14099
14093
14081
14065
14059
14039
14030
14002
14002
13996
13976
13976
13945
13932
13910
13881
13857
13824
13814
13804
13798
13786
13711
13699
13699
13673
13647
13625
13533
13526
13504
13503
13488
13455
13395
13387
13381
13331
13280
13272
13272
13246
13214
13193
13177
13120
13117
13104
13090
13084
13055
12998
12872
12835
12819
12818
12790
12786
12783
12754
12748
12747
12678
12677
12672
12670
12600
12552
12520
12496
12450
12421
12417
12381
12356
12351
12281
12186
12124
12100
12093
12091
12089
12082
12066
12030
12002
11997
11886
11881
11877
11873
11777
11769
11740
11695
11649
11630
11628
11504
11490
11459
11425
11322
11322
11302
11300
11289
11283
11279
11273
11255
11235
11183
11093
11069
11067
11009
11002
10981
10964
10936
10926
10883
10866
10842
10831
10761
10755
10701
10668
10660
10641
10635
10597
10592
10592
10585
10566
10557
10535
10525
10520
10509
10504
10503
10499
10482
10481
10479
10476
10472
10461
10455
10452
10441
10426
10308
10304
10303
10297
10285
10231
10208
10164
10051
10045
10028
10007
9986
9984
9954
9916
9916
9878
9848
9834
9811
9808
9732
9720
9583
9577
9558
9540
9538
9528
9483
9427
9386
9310
9309
9243
9235
9225
9214
9126
9123
9109
9080
8997
8996
8985
8981
8957
8882
8871
8842
8838
8780
8700
8687
8581
8559
8509
8494
8487
8436
8412
8372
8354
8269
8236
8213
8212
8201
8199
8192
8181
8170
8163
8155
8061
8009
7996
7994
7930
7923
7903
7871
7853
7836
7802
7760
7752
7752
7721
7694
7685
7655
7596
7544
7499
7491
7490
7474
7426
7426
7418
7364
7358
7294
7279
7277
7216
7140
7128
7069
6838
6832
6812
6797
6792
6731
6594
6552
6522
6439
6410
6354
6345
6287
6259
6259
6249
6221
6209
6167
6166
6143
6080
6075
6048
5952
5893
5890
5890
5881
5804
5801
5798
5785
5760
5717
5708
5708
5698
5693
5622
5574
5538
5508
5505
5455
5438
5417
5409
5343
5307
5303
5200
5172
5109
5093
5090
5008
4991
4946
4940
4938
4873
4834
4779
4775
4764
4758
4734
4731
4705
4702
4690
4686
4589
4575
4568
4561
4554
4545
4535
4522
4514
4465
4459
4393
4369
4342
4330
4287
4271
4247
4173
4139
4022
4012
3983
3950
3909
3852
3842
3824
3776
3767
3761
3735
3677
3661
3643
3624
3614
3550
3531
3429
3376
3365
3341
3309
3302
3272
3266
3228
3204
3175
3105
3062
3008
2944
2897
2880
2856
2837
2809
2730
2666
2662
2636
2620
2563
2546
2486
2475
2451
2344
2309
2301
2298
2217
2060
1986
1966
1854
1804
1741
1732
1717
1615
1490
1439
1412
1362
1337
1327
1301
1288
1273
1221
1221
1204
1151
1137
1098
1080
1055
1045
1044
1033
1017
983
973
972
842
781
772
752
721
718
705
641
590
553
547
365
359
275
223
189
130
112
72
49
