3
4
16
21
24
29
31
38
39
45
46
47
51
55
55
57
57
77
78
80
86
92
93
101
110
111
111
114
118
119
120
120
124
134
144
145
146
148
152
159
159
161
162
164
169
172
174
175
185
186
190
193
194
199
206
206
208
216
217
225
227
235
244
251
252
252
255
256
257
259
263
264
266
266
268
270
273
274
276
277
278
280
281
290
290
292
296
304
304
307
307
308
310
310
315
317
318
325
332
348
354
355
356
363
368
371
372
375
375
376
378
379
380
383
383
384
389
395
396
396
406
409
413
419
424
424
425
428
430
431
433
434
434
437
448
451
451
451
455
456
458
459
463
464
465
468
471
473
475
475
475
479
484
485
487
489
493
500
503
506
513
514
515
517
518
524
525
526
533
540
542
545
549
550
554
555
572
585
586
586
593
598
599
601
602
604
606
610
612
612
613
616
625
627
630
632
633
633
638
642
649
652
654
655
657
658
661
662
672
678
678
680
683
683
684
684
685
686
697
699
701
702
709
717
717
717
724
726
729
729
731
735
744
745
745
753
756
762
763
768
769
771
774
779
783
783
789
790
803
805
806
818
823
824
825
827
830
830
831
831
833
834
835
836
838
840
842
843
843
844
848
850
852
854
862
862
865
866
875
878
882
884
887
889
889
897
897
900
901
906
906
910
911
911
915
916
917
920
923
925
925
926
936
938
941
944
950
953
956
957
958
959
959
959
959
969
970
972
972
979
982
983
987
988
990
990
992
993
995
995
1005
1005
1007
1007
1011
1018
1025
1026
1029
1032
1032
1037
1041
1047
1053
1054
1055
1055
1060
1062
1062
1066
1070
1072
1072
1073
1073
1075
1078
1084
1088
1090
1092
1096
1099
1103
1106
1108
1111
1112
1112
1118
1120
1125
1134
1142
1143
1148
1149
1152
1158
1161
1162
1175
1176
1180
1181
1181
1183
1184
1191
1191
1191
1200
1201
1207
1216
1220
1223
1228
1229
1230
1236
1236
1242
1244
1247
1255
1255
1256
1259
1260
1268
1270
1272
1276
1276
1276
1279
1280
1295
1298
1298
1301
1302
1302
1305
1305
1306
1309
1309
1316
1319
1320
1322
1324
1326
1326
1337
1338
1340
1343
1343
1344
1345
1345
1347
1351
1354
1356
1356
1358
1364
1367
1367
1368
1369
1375
1378
1378
1380
1380
1382
1383
1383
1384
1387
1390
1391
1397
1400
1401
1408
1420
1420
1424
1424
1432
1433
1433
1434
1442
1447
1451
1451
1458
1458
1459
1466
1469
1470
1472
1474
1475
1476
1476
1485
1489
1491
1492
1492
1500
1502
1502
1508
1508
1512
1513
1516
1522
1522
1523
1523
1525
1525
1526
1530
1531
1532
1542
1543
1553
1555
1560
1564
1565
1568
1570
1574
1584
1593
1599
1600
1604
1606
1608
1609
1612
1615
1620
1620
1621
1622
1626
1628
1628
1631
1632
1633
1634
1636
1637
1638
1639
1641
1642
1644
1645
1649
1649
1651
1656
1659
1661
1671
1673
1680
1683
1687
1689
1690
1691
1700
1704
1704
1706
1707
1710
1711
1711
1712
1713
1714
1716
1718
1723
1725
1738
1742
1748
1750
1755
1761
1769
1772
1774
1774
1776
1779
1782
1783
1784
1784
1784
1788
1790
1798
1799
1801
1804
1807
1813
1814
1815
1828
1831
1836
1837
1840
1842
1843
1844
1845
1845
1850
1851
1862
1871
1879
1880
1881
1883
1883
1885
1885
1890
1892
1894
1898
1904
1904
1909
1915
1917
1919
1922
1924
1925
1929
1934
1936
1938
1940
1942
1943
1945
1948
1953
1961
1968
1970
1971
1976
1981
1982
1989
1990
1990
1992
1996
1998
1999
2001
2007
2007
2008
2009
2011
2014
2015
2020
2021
2026
2037
2048
2053
2062
2062
2069
2071
2076
2076
2080
2082
2092
2092
2093
2095
2100
2100
2113
2113
2114
2115
2119
2121
2124
2128
2132
2134
2147
2149
2149
2150
2153
2157
2159
2162
2168
2179
2183
2187
2189
2191
2192
2198
2205
2210
2210
2211
2212
2216
2217
2227
2227
2229
2232
2232
2234
2235
2236
2241
2246
2247
2247
2249
2263
2268
2269
2273
2275
2276
2277
2284
2286
2290
2300
2300
2300
2304
2305
2306
2308
2308
2311
2317
2317
2327
2332
2333
2335
2336
2337
2343
2347
2350
2359
2364
2365
2372
2381
2382
2385
2387
2388
2390
2390
2391
2396
2400
2401
2401
2402
2402
2404
2406
2407
2407
2413
2414
2429
2432
2432
2439
2441
2448
2448
2450
2453
2456
2463
2465
2466
2469
2469
2476
2480
2480
2480
2481
2482
2487
2488
2491
2491
2495
2496
2496
2497
2501
2502
2504
2510
2511
2512
2523
2524
2526
2527
2528
2528
2529
2529
2530
2532
2533
2536
2538
2539
2544
2551
2557
2558
2558
2563
2564
2566
2567
2577
2584
2590
2591
2595
2604
2607
2609
2612
2616
2623
2629
2635
2635
2636
2641
2645
2647
2650
2652
2656
2657
2657
2659
2671
2677
2679
2681
2684
2686
2703
2703
2704
2706
2707
2713
2714
2715
2718
2718
2729
2736
2736
2738
2747
2749
2750
2757
2770
2772
2773
2785
2787
2789
2792
2797
2801
2810
2813
2817
2821
2824
2824
2825
2828
2833
2836
2837
2838
2839
2842
2845
2845
2846
2847
2850
2851
2855
2858
2859
2860
2866
2868
2873
2873
2874
2874
2880
2881
2886
2888
2889
2893
2896
2902
2904
2907
2909
2911
2916
2917
2921
2921
2924
2926
2926
2926
2933
2943
2945
2947
2948
2955
2958
2958
2965
2967
2969
2971
2974
2976
2977
2978
2983
2987
2988
2988
2991
2997
2998
2998
3004
3005
3009
3015
3017
3020
3029
3032
3033
3035
3037
3038
3038
3039
3042
3044
3044
3044
3050
3053
3056
3057
3059
3060
3062
3065
3068
3070
3073
3073
3074
3077
3081
3084
3087
3088
3098
3099
3102
3104
3106
3117
3129
3129
3133
3135
3139
3141
3148
3148
3152
3154
3161
3166
3171
3172
3176
3183
3187
3189
3193
3193
3197
3200
3201
3202
3204
3206
3208
3210
3213
3216
3217
3219
3224
3225
3228
3239
3240
3241
3241
3248
3249
3252
3256
3260
3262
3263
3264
3267
3269
3269
3271
3272
3276
3278
3280
3284
3288
3291
3291
3306
3315
3318
3318
3319
3319
3325
3328
3331
3335
3336
3339
3339
3340
3343
3343
3343
3344
3346
3347
3350
3352
3352
3361
3363
3365
3368
3372
3373
3373
3374
3374
3375
3377
3377
3381
3383
3383
3388
3388
3390
3391
3395
3397
3398
3398
3398
3399
3400
3401
3403
3405
3410
3413
3414
3418
3420
3423
3426
3426
3426
3428
3428
3429
3432
3434
3435
3438
3439
3443
3447
3448
3450
3452
3455
3459
3465
3466
3467
3467
3469
3470
3472
3473
3474
3476
3477
3477
3480
3485
3488
3491
3497
3499
3504
3504
3505
3505
3506
3508
3510
3513
3517
3521
3528
3529
3534
3535
3538
3539
3545
3549
3551
3551
3553
3554
3557
3565
3568
3571
3574
3579
3580
3581
3583
3590
3594
3594
3600
3605
3610
3613
3614
3616
3617
3617
3622
3624
3632
3639
3640
3642
3647
3649
3650
3660
3662
3663
3664
3668
3674
3675
3678
3683
3686
3688
3689
3692
3693
3695
3698
3705
3706
3710
3712
3714
3723
3726
3729
3735
3736
3746
3747
3749
3750
3751
3756
3759
3763
3774
3778
3781
3781
3787
3787
3801
3811
3813
3814
3820
3821
3825
3825
3828
3833
3834
3847
3847
3848
3853
3855
3859
3860
3862
3863
3863
3870
3877
3877
3880
3884
3884
3885
3885
3896
3897
3898
3902
3904
3906
3909
3912
3914
3916
3919
3919
3920
3920
3920
3938
3941
3946
3947
3958
3968
3968
3969
3969
3971
3973
3977
3980
3988
3991
3995
3996
3998
4000
4012
4016
4021
4024
4038
4046
4054
4060
4065
4065
4066
4067
4074
4079
4080
4081
4084
4085
4087
4088
4101
4105
4105
4109
4110
4112
4113
4116
4118
4118
4119
4124
4127
4129
4132
4137
4139
4140
4143
4146
4151
4166
4167
4171
4173
4176
4178
4184
4189
4191
4192
4195
4201
4201
4203
4213
4213
4215
4223
4226
4227
4228
4232
4235
4237
4237
4239
4243
4246
4246
4246
4248
4251
4255
4261
4263
4275
4276
4281
4283
4289
4290
4290
4298
4314
4316
4316
4318
4320
4324
4325
4328
4328
4329
4334
4342
4349
4355
4356
4357
4363
4365
4368
4368
4372
4376
4377
4390
4390
4405
4416
4416
4420
4421
4423
4427
4429
4433
4435
4439
4439
4439
4442
4452
4456
4457
4458
4458
4459
4460
4460
4461
4463
4463
4465
4467
4469
4479
4484
4485
4490
4497
4499
4499
4500
4508
4509
4509
4510
4510
4514
4517
4521
4527
4531
4531
4543
4543
4544
4544
4544
4546
4546
4548
4557
4560
4565
4569
4570
4579
4587
4589
4592
4595
4597
4605
4610
4612
4613
4614
4618
4621
4624
4625
4628
4629
4631
4634
4636
4637
4645
4646
4647
4649
4650
4650
4651
4653
4655
4666
4668
4669
4670
4672
4682
4684
4686
4689
4696
4698
4700
4704
4706
4708
4710
4710
4710
4717
4719
4720
4725
4726
4727
4739
4741
4742
4744
4751
4751
4753
4754
4755
4759
4759
4760
4764
4765
4770
4772
4775
4780
4786
4790
4791
4796
4798
4800
4804
4808
4810
4815
4815
4823
4824
4829
4837
4841
4846
4846
4849
4852
4858
4862
4863
4865
4866
4867
4871
4873
4878
4878
4878
4881
4882
4885
4886
4892
4894
4897
4904
4911
4920
4920
4921
4923
4923
4923
4926
4926
4931
4942
4949
4954
4957
4966
4967
4970
4972
4972
4976
4981
4981
4985
4986
4988
5003
5004
5014
5015
5017
5030
5037
5040
5041
5049
5052
5052
5053
5061
5062
5063
5065
5068
5072
5075
5076
5082
5082
5084
5086
5088
5092
5094
5095
5097
5098
5099
5099
5103
5116
5121
5121
5125
5128
5134
5136
5141
5143
5149
5150
5150
5152
5153
5159
5162
5162
5165
5165
5170
5172
5177
5178
5178
5181
5182
5186
5187
5204
5204
5206
5209
5210
5211
5213
5219
5223
5227
5231
5235
5237
5242
5243
5243
5247
5251
5252
5253
5254
5260
5261
5262
5268
5277
5284
5284
5292
5293
5294
5294
5295
5300
5302
5302
5308
5309
5309
5310
5311
5316
5319
5319
5322
5324
5327
5331
5332
5332
5335
5337
5339
5348
5349
5355
5356
5358
5358
5363
5365
5367
5368
5371
5371
5382
5383
5383
5384
5390
5392
5393
5393
5396
5396
5398
5399
5402
5405
5406
5408
5408
5410
5412
5413
5425
5429
5433
5445
5447
5450
5450
5457
5462
5471
5474
5478
5480
5481
5485
5487
5487
5488
5491
5492
5495
5496
5497
5499
5507
5509
5514
5519
5520
5524
5524
5526
5527
5531
5536
5538
5544
5545
5548
5550
5551
5556
5559
5562
5567
5569
5570
5572
5573
5575
5575
5576
5583
5585
5585
5587
5587
5601
5603
5614
5619
5621
5623
5623
5627
5634
5635
5639
5640
5645
5658
5661
5664
5670
5671
5672
5680
5683
5687
5688
5688
5694
5700
5701
5704
5714
5720
5727
5727
5732
5733
5735
5737
5743
5744
5748
5749
5752
5753
5753
5756
5762
5767
5768
5771
5774
5786
5786
5786
5793
5804
5804
5806
5809
5810
5812
5822
5826
5834
5834
5836
5836
5844
5846
5846
5850
5850
5851
5851
5851
5852
5862
5866
5869
5869
5869
5873
5879
5884
5885
5886
5889
5891
5891
5895
5895
5895
5899
5899
5905
5908
5914
5917
5921
5921
5923
5925
5927
5935
5936
5938
5938
5938
5943
5943
5947
5951
5954
5954
5955
5961
5961
5968
5973
5980
5984
5984
5987
5992
6007
6009
6014
6015
6030
6033
6034
6039
6044
6049
6050
6051
6058
6070
6074
6076
6077
6079
6083
6086
6090
6095
6101
6102
6104
6108
6110
6115
6118
6121
6124
6128
6128
6136
6136
6140
6142
6144
6147
6156
6163
6168
6170
6172
6173
6178
6188
6192
6192
6194
6196
6196
6199
6201
6205
6211
6212
6213
6220
6221
6228
6234
6234
6234
6236
6241
6243
6244
6244
6244
6244
6246
6247
6249
6251
6252
6253
6256
6260
6261
6261
6264
6268
6270
6274
6293
6300
6300
6304
6305
6306
6308
6308
6312
6313
6314
6315
6330
6335
6343
6345
6362
6365
6368
6370
6370
6378
6382
6385
6392
6393
6393
6397
6402
6404
6409
6409
6411
6411
6417
6422
6427
6437
6451
6456
6458
6459
6459
6460
6462
6463
6466
6468
6470
6473
6477
6488
6490
6493
6495
6496
6497
6499
6508
6508
6510
6512
6514
6515
6515
6515
6517
6519
6522
6528
6531
6532
6542
6549
6551
6552
6553
6553
6554
6554
6567
6568
6568
6574
6578
6578
6587
6588
6592
6592
6596
6596
6596
6599
6603
6609
6611
6612
6618
6619
6619
6621
6626
6629
6633
6633
6634
6635
6636
6637
6641
6648
6653
6654
6656
6657
6662
6666
6671
6673
6675
6683
6684
6684
6686
6686
6689
6693
6694
6695
6696
6705
6709
6709
6709
6711
6722
6726
6726
6727
6729
6730
6733
6735
6735
6736
6736
6737
6745
6747
6751
6753
6756
6757
6760
6765
6765
6767
6768
6770
6772
6773
6777
6786
6787
6798
6799
6804
6806
6814
6814
6816
6817
6817
6827
6828
6829
6830
6830
6837
6839
6846
6849
6861
6862
6862
6870
6874
6875
6876
6876
6883
6885
6888
6892
6897
6898
6908
6914
6917
6928
6937
6938
6938
6942
6944
6944
6946
6946
6947
6949
6954
6960
6965
6967
6969
6980
6983
6983
6988
6992
6997
6998
6999
7007
7009
7013
7014
7014
7020
7032
7034
7034
7034
7036
7037
7039
7045
7047
7058
7062
7066
7070
7073
7076
7079
7083
7085
7088
7088
7092
7094
7097
7105
7106
7116
7121
7122
7123
7127
7128
7131
7132
7133
7135
7135
7146
7146
7148
7148
7152
7156
7157
7159
7159
7160
7161
7165
7166
7166
7166
7168
7168
7171
7181
7184
7186
7187
7195
7196
7206
7210
7210
7215
7215
7221
7225
7228
7228
7230
7238
7238
7239
7241
7241
7242
7245
7245
7255
7255
7257
7259
7263
7264
7266
7272
7274
7276
7277
7283
7284
7287
7288
7289
7289
7293
7295
7306
7307
7312
7314
7320
7322
7324
7331
7331
7333
7333
7345
7348
7349
7353
7353
7356
7359
7360
7362
7366
7368
7376
7387
7392
7396
7403
7405
7406
7407
7407
7407
7409
7410
7410
7417
7422
7426
7433
7444
7453
7458
7464
7464
7466
7477
7478
7490
7495
7500
7500
7501
7502
7504
7508
7515
7516
7522
7523
7526
7527
7529
7537
7545
7552
7552
7556
7558
7561
7563
7563
7570
7572
7575
7576
7580
7581
7584
7593
7594
7604
7606
7606
7610
7611
7612
7613
7618
7624
7625
7626
7627
7628
7629
7631
7643
7644
7645
7651
7651
7651
7655
7657
7664
7681
7684
7692
7698
7702
7705
7707
7718
7719
7722
7734
7734
7735
7737
7739
7742
7749
7752
7754
7760
7762
7764
7766
7769
7774
7775
7776
7783
7783
7791
7794
7795
7797
7798
7802
7806
7809
7815
7816
7817
7821
7821
7828
7828
7841
7842
7849
7850
7854
7857
7861
7863
7868
7870
7872
7873
7873
7874
7877
7877
7877
7878
7879
7889
7893
7896
7899
7900
7902
7904
7904
7904
7908
7909
7913
7914
7918
7919
7923
7924
7925
7925
7925
7926
7929
7929
7930
7931
7932
7933
7938
7946
7947
7950
7957
7959
7960
7962
7962
7962
7970
7972
7981
7984
7987
7987
7990
7992
7998
8002
8005
8008
8015
8015
8021
8022
8031
8035
8036
8043
8046
8047
8047
8050
8059
8060
8061
8065
8078
8080
8083
8087
8088
8089
8095
8095
8096
8101
8112
8118
8119
8125
8129
8130
8133
8137
8139
8145
8154
8158
8161
8163
8175
8176
8188
8197
8203
8209
8209
8212
8214
8215
8217
8223
8227
8235
8236
8242
8243
8245
8252
8254
8271
8272
8275
8279
8282
8282
8283
8293
8295
8296
8297
8298
8299
8299
8307
8309
8318
8320
8324
8324
8325
8334
8335
8336
8337
8338
8340
8345
8345
8345
8348
8351
8353
8355
8356
8359
8366
8370
8372
8373
8375
8378
8380
8381
8381
8384
8385
8393
8393
8399
8399
8401
8408
8410
8410
8410
8411
8411
8415
8417
8419
8419
8421
8424
8430
8432
8435
8437
8440
8440
8442
8444
8445
8449
8451
8457
8466
8467
8473
8475
8481
8489
8494
8494
8496
8504
8513
8514
8515
8516
8519
8520
8521
8522
8522
8525
8533
8533
8534
8535
8538
8539
8540
8543
8545
8547
8549
8550
8552
8561
8561
8562
8567
8575
8577
8578
8580
8586
8589
8590
8595
8602
8603
8604
8606
8606
8609
8609
8610
8610
8612
8622
8622
8626
8627
8630
8632
8634
8641
8643
8650
8650
8651
8652
8655
8657
8664
8664
8668
8669
8674
8676
8677
8677
8680
8682
8683
8684
8687
8695
8702
8709
8716
8723
8726
8727
8733
8740
8744
8748
8750
8754
8759
8760
8762
8768
8777
8777
8782
8785
8793
8794
8801
8803
8803
8806
8806
8808
8812
8814
8816
8817
8817
8820
8820
8821
8821
8826
8827
8828
8837
8838
8839
8842
8844
8846
8848
8848
8850
8852
8856
8859
8860
8862
8862
8863
8867
8870
8872
8872
8875
8878
8879
8883
8890
8894
8894
8897
8898
8908
8912
8912
8914
8914
8915
8921
8924
8928
8932
8932
8933
8934
8946
8947
8947
8953
8954
8958
8972
8978
8978
8979
8989
8990
8991
8992
8994
8995
9004
9006
9019
9022
9022
9027
9030
9037
9037
9039
9041
9044
9044
9045
9047
9050
9058
9061
9065
9069
9073
9078
9082
9090
9095
9102
9104
9108
9119
9119
9120
9120
9121
9128
9128
9129
9136
9137
9139
9139
9140
9141
9143
9143
9147
9147
9148
9150
9151
9152
9153
9155
9160
9162
9163
9164
9166
9167
9168
9174
9177
9187
9190
9193
9194
9201
9203
9206
9206
9207
9209
9214
9216
9222
9226
9230
9232
9234
9234
9235
9235
9235
9235
9241
9244
9247
9248
9252
9254
9254
9259
9260
9263
9263
9265
9266
9266
9269
9275
9276
9277
9282
9284
9287
9290
9297
9301
9301
9303
9305
9306
9307
9312
9314
9318
9320
9323
9326
9327
9327
9329
9329
9329
9329
9331
9340
9341
9347
9347
9348
9349
9355
9359
9366
9366
9367
9369
9372
9379
9381
9381
9384
9386
9388
9394
9396
9399
9407
9408
9409
9411
9415
9418
9424
9432
9436
9440
9440
9441
9442
9444
9450
9451
9453
9453
9453
9457
9459
9459
9463
9466
9469
9470
9471
9478
9479
9479
9480
9481
9483
9484
9486
9490
9492
9494
9495
9503
9503
9511
9518
9521
9522
9525
9528
9533
9538
9538
9541
9544
9545
9547
9552
9554
9556
9557
9557
9559
9562
9562
9564
9565
9569
9579
9580
9585
9589
9591
9593
9598
9608
9609
9611
9613
9620
9621
9624
9638
9639
9645
9646
9652
9659
9663
9664
9667
9670
9673
9673
9682
9684
9685
9687
9688
9689
9693
9694
9708
9710
9714
9716
9718
9721
9723
9724
9725
9729
9731
9734
9735
9737
9747
9747
9750
9758
9759
9759
9760
9761
9765
9767
9767
9771
9772
9778
9779
9788
9791
9792
9794
9801
9810
9810
9813
9814
9820
9823
9827
9828
9832
9843
9844
9845
9849
9859
9860
9867
9872
9877
9878
9880
9886
9888
9890
9898
9900
9901
9902
9903
9903
9904
9904
9904
9907
9908
9912
9918
9919
9919
9921
9922
9926
9930
9931
9935
9938
9944
9948
9949
9953
9955
9956
9957
9957
9958
9958
9960
9960
9966
9967
9967
9968
9968
9973
9982
9985
9988
9989
9989
9990
9993
9995
9998
9999
10001
10003
10004
10006
10006
10007
10009
10014
10014
10015
10016
10019
10021
10022
10023
10027
10027
10029
10031
10036
10038
10043
10043
10044
10045
10046
10049
10049
10051
10051
10052
10057
10058
10063
10064
10065
10065
10067
10076
10080
10081
10083
10083
10088
10091
10091
10094
10098
10099
10108
10111
10112
10113
10113
10115
10120
10129
10131
10131
10132
10139
10140
10141
10143
10144
10144
10150
10155
10163
10164
10165
10167
10170
10174
10178
10179
10181
10187
10194
10198
10199
10221
10231
10231
10235
10235
10236
10243
10244
10245
10246
10247
10254
10256
10259
10267
10267
10269
10279
10287
10288
10290
10291
10294
10298
10299
10301
10302
10303
10307
10309
10315
10322
10324
10325
10329
10340
10343
10345
10348
10348
10349
10351
10354
10354
10355
10355
10361
10363
10365
10366
10366
10368
10368
10368
10369
10371
10373
10374
10375
10375
10394
10394
10394
10395
10395
10396
10397
10398
10399
10401
10402
10409
10409
10413
10413
10414
10417
10423
10428
10431
10433
10436
10437
10443
10443
10445
10450
10452
10454
10457
10460
10460
10463
10463
10468
10468
10469
10469
10477
10478
10480
10483
10484
10486
10486
10495
10496
10498
10501
10503
10504
10508
10509
10515
10516
10516
10517
10521
10521
10524
10527
10528
10536
10537
10539
10541
10542
10545
10549
10551
10558
10560
10561
10564
10564
10566
10568
10568
10577
10585
10585
10598
10600
10601
10602
10606
10611
10614
10617
10624
10629
10632
10633
10634
10639
10642
10643
10644
10645
10646
10647
10649
10654
10655
10656
10657
10658
10662
10663
10664
10666
10668
10679
10690
10697
10702
10712
10714
10723
10723
10725
10726
10732
10740
10744
10744
10747
10750
10759
10759
10761
10762
10764
10773
10776
10777
10777
10779
10780
10781
10793
10794
10797
10799
10799
10799
10800
10801
10811
10814
10814
10815
10818
10837
10838
10840
10841
10844
10846
10855
10857
10861
10867
10880
10881
10883
10884
10893
10894
10896
10898
10899
10908
10909
10914
10915
10916
10916
10916
10925
10928
10930
10937
10941
10943
10945
10946
10949
10951
10951
10958
10961
10970
10975
10975
10976
10982
10992
10999
10999
11000
11000
11001
11002
11002
11006
11006
11009
11010
11012
11016
11018
11019
11022
11025
11028
11038
11042
11042
11043
11045
11053
11059
11060
11061
11062
11063
11065
11066
11070
11076
11076
11079
11089
11090
11093
11093
11105
11106
11112
11113
11115
11123
11128
11128
11129
11134
11146
11147
11156
11157
11157
11159
11164
11164
11167
11167
11169
11169
11173
11175
11179
11183
11191
11192
11193
11193
11196
11199
11202
11203
11204
11205
11208
11210
11220
11221
11222
11231
11232
11232
11235
11239
11243
11253
11254
11256
11257
11259
11261
11272
11276
11278
11285
11289
11301
11305
11308
11310
11310
11312
11313
11314
11325
11335
11337
11337
11341
11343
11345
11349
11352
11355
11357
11359
11360
11360
11370
11373
11374
11375
11378
11381
11383
11388
11391
11397
11400
11401
11406
11412
11412
11415
11428
11436
11439
11440
11444
11446
11447
11450
11461
11465
11468
11471
11479
11482
11489
11490
11490
11492
11493
11495
11496
11497
11502
11505
11506
11506
11518
11518
11520
11520
11524
11528
11531
11533
11536
11536
11541
11545
11545
11546
11547
11548
11548
11550
11552
11558
11559
11560
11561
11564
11565
11568
11569
11580
11584
11585
11586
11592
11595
11598
11606
11607
11610
11611
11612
11612
11615
11622
11627
11627
11632
11633
11644
11647
11649
11650
11651
11651
11657
11658
11659
11659
11659
11661
11663
11663
11665
11668
11676
11676
11683
11684
11685
11686
11686
11691
11691
11693
11696
11697
11697
11707
11708
11709
11715
11716
11722
11726
11732
11734
11735
11736
11740
11743
11747
11758
11764
11765
11767
11769
11769
11770
11775
11780
11780
11781
11789
11791
11796
11797
11797
11802
11802
11805
11810
11812
11816
11818
11841
11847
11849
11851
11851
11858
11860
11876
11888
11890
11893
11894
11894
11895
11897
11897
11899
11901
11901
11911
11912
11914
11917
11919
11921
11924
11930
11936
11936
11936
11942
11943
11944
11951
11952
11956
11957
11958
11961
11969
11970
11971
11972
11974
11977
11983
11983
11983
11984
11989
11991
11992
11992
11992
11993
11993
11995
12006
12007
12014
12014
12016
12018
12018
12025
12028
12028
12032
12033
12033
12034
12034
12037
12038
12045
12045
12046
12049
12050
12054
12058
12059
12059
12063
12063
12063
12064
12067
12068
12080
12080
12092
12093
12096
12101
12102
12102
12103
12107
12107
12112
12112
12114
12114
12118
12120
12122
12126
12127
12128
12128
12128
12132
12132
12135
12137
12140
12142
12146
12147
12149
12154
12157
12160
12160
12165
12169
12175
12178
12184
12185
12190
12196
12199
12200
12203
12210
12212
12215
12216
12218
12219
12221
12227
12228
12231
12233
12237
12240
12241
12241
12242
12242
12244
12245
12250
12250
12250
12251
12253
12261
12263
12265
12266
12269
12270
12273
12274
12274
12275
12281
12289
12290
12293
12295
12298
12306
12308
12317
12317
12324
12328
12333
12335
12336
12337
12340
12343
12344
12345
12347
12351
12357
12357
12361
12368
12368
12381
12384
12385
12402
12403
12406
12408
12419
12423
12426
12427
12430
12433
12437
12437
12439
12441
12441
12443
12453
12453
12462
12463
12463
12466
12466
12481
12485
12485
12486
12487
12487
12496
12499
12501
12502
12502
12507
12508
12511
12515
12523
12524
12528
12531
12532
12536
12537
12539
12548
12555
12557
12558
12558
12574
12575
12577
12578
12580
12580
12581
12582
12585
12588
12598
12601
12606
12607
12610
12611
12611
12616
12618
12619
12620
12622
12625
12626
12626
12629
12634
12634
12639
12641
12642
12643
12644
12645
12645
12647
12650
12650
12651
12655
12657
12663
12666
12667
12668
12669
12670
12670
12671
12672
12675
12677
12680
12680
12681
12684
12687
12689
12692
12701
12710
12713
12719
12726
12726
12727
12729
12732
12733
12743
12745
12745
12757
12760
12763
12764
12764
12772
12772
12773
12773
12774
12777
12780
12780
12782
12784
12786
12792
12792
12795
12798
12799
12800
12801
12802
12803
12803
12805
12819
12822
12824
12825
12834
12834
12835
12837
12841
12843
12849
12849
12853
12858
12858
12861
12864
12867
12867
12872
12876
12876
12881
12883
12885
12885
12885
12890
12891
12893
12895
12901
12903
12903
12904
12905
12906
12906
12906
12907
12907
12909
12913
12915
12922
12924
12926
12928
12930
12935
12940
12941
12943
12944
12946
12947
12950
12956
12957
12961
12968
12968
12976
12979
12979
12986
12987
12994
12996
12998
13000
13002
13009
13011
13012
13013
13016
13020
13023
13025
13027
13028
13029
13035
13036
13037
13039
13042
13052
13053
13054
13055
13057
13060
13060
13067
13067
13068
13068
13072
13073
13076
13078
13089
13098
13101
13105
13105
13109
13109
13109
13117
13118
13118
13122
13123
13128
13129
13130
13133
13133
13143
13146
13146
13151
13152
13154
13155
13164
13165
13169
13171
13172
13174
13174
13175
13179
13183
13184
13184
13185
13192
13202
13207
13207
13212
13216
13218
13219
13220
13222
13238
13245
13246
13251
13251
13254
13258
13262
13265
13269
13276
13276
13282
13286
13290
13295
13295
13297
13297
13299
13301
13302
13306
13314
13315
13316
13318
13320
13327
13329
13331
13332
13338
13341
13343
13351
13355
13358
13362
13362
13364
13365
13366
13373
13376
13379
13379
13386
13393
13393
13394
13394
13397
13402
13402
13404
13405
13419
13428
13428
13433
13434
13437
13441
13449
13452
13452
13453
13455
13457
13457
13459
13467
13468
13478
13478
13481
13487
13488
13489
13491
13501
13505
13511
13513
13513
13514
13520
13521
13525
13530
13530
13535
13537
13539
13546
13546
13553
13554
13557
13559
13559
13560
13561
13564
13565
13573
13574
13574
13579
13580
13582
13582
13584
13585
13586
13586
13588
13596
13597
13598
13602
13607
13610
13613
13623
13626
13626
13626
13632
13633
13639
13641
13642
13644
13650
13654
13655
13658
13662
13666
13674
13675
13677
13680
13688
13689
13689
13691
13698
13699
13700
13701
13704
13711
13712
13716
13721
13722
13723
13726
13728
13731
13731
13735
13735
13741
13744
13745
13747
13748
13748
13749
13749
13757
13760
13766
13770
13772
13772
13779
13786
13790
13790
13790
13798
13809
13813
13814
13816
13818
13819
13826
13832
13833
13835
13838
13844
13844
13848
13864
13870
13874
13881
13883
13886
13888
13890
13892
13894
13898
13902
13903
13906
13913
13921
13924
13926
13930
13937
13938
13942
13945
13947
13948
13952
13956
13958
13960
13967
13968
13970
13978
13979
13988
13990
13993
13993
13997
14000
14005
14005
14011
14012
14016
14018
14018
14024
14025
14026
14026
14029
14033
14035
14036
14037
14047
14049
14051
14053
14055
14056
14062
14064
14065
14067
14068
14068
14069
14084
14084
14087
14088
14092
14094
14095
14095
14095
14098
14098
14100
14102
14109
14110
14111
14113
14118
14122
14122
14128
14130
14132
14133
14135
14135
14139
14144
14147
14148
14161
14168
14170
14174
14180
14184
14187
14188
14189
14189
14197
14200
14205
14206
14207
14210
14214
14217
14221
14225
14226
14229
14230
14232
14232
14235
14236
14236
14238
14239
14239
14239
14242
14249
14253
14253
14254
14257
14259
14268
14269
14269
14279
14283
14290
14292
14292
14292
14294
14295
14297
14302
14306
14306
14312
14321
14327
14327
14331
14343
14344
14349
14349
14356
14358
14360
14363
14364
14365
14367
14367
14369
14371
14377
14382
14384
14384
14389
14390
14391
14394
14399
14399
14403
14410
14412
14413
14417
14423
14428
14431
14433
14438
14441
14444
14445
14447
14448
14448
14459
14463
14466
14467
14478
14482
14486
14496
14496
14497
14504
14505
14511
14512
14512
14513
14523
14524
14532
14533
14536
14539
14542
14545
14550
14551
14556
14557
14558
14561
14566
14566
14567
14568
14569
14585
14588
14591
14592
14597
14598
14600
14606
14606
14610
14611
14613
14613
14614
14620
14620
14621
14621
14623
14625
14628
14631
14632
14634
14648
14649
14653
14654
14663
14665
14668
14670
14671
14672
14675
14679
14681
14684
14685
14688
14691
14692
14692
14698
14704
14704
14704
14705
14708
14718
14727
14728
14729
14729
14732
14732
14735
14737
14748
14751
14753
14756
14762
14766
14767
14770
14771
14773
14784
14786
14792
14798
14805
14810
14812
14813
14816
14818
14818
14837
14842
14851
14852
14854
14858
14861
14864
14866
14870
14871
14872
14879
14880
14881
14882
14883
14885
14888
14894
14896
14901
14906
14911
14912
14917
14920
14924
14934
14934
14938
14938
14939
14939
14939
14941
14949
14950
14953
14954
14955
14961
14963
14967
14977
14981
14985
14986
14989
14992
14992
14993
14994
14997
14998
14999
15001
15007
15010
15016
15016
15018
15020
15023
15024
15029
15032
15033
15035
15035
15040
15042
15042
15042
15047
15052
15052
15059
15059
15060
15060
15063
15064
15073
15073
15073
15078
15078
15088
15089
15095
15098
15100
15101
15101
15103
15103
15104
15109
15114
15116
15117
15118
15120
15122
15122
15126
15128
15128
15130
15131
15132
15132
15136
15136
15140
15142
15144
15146
15157
15162
15162
15164
15164
15167
15167
15168
15168
15169
15172
15173
15174
15179
15179
15183
15189
15192
15194
15200
15201
15203
15204
15207
15209
15211
15213
15214
15215
15219
15232
15249
15249
15253
15260
15262
15264
15264
15265
15269
15269
15269
15277
15277
15278
15280
15281
15284
15289
15293
15295
15315
15316
15321
15323
15323
15327
15333
15339
15345
15345
15347
15348
15349
15355
15357
15357
15358
15360
15363
15366
15369
15369
15369
15370
15371
15373
15373
15373
15377
15383
15388
15388
15389
15390
15390
15393
15396
15405
15406
15408
15409
15410
15412
15418
15424
15427
15436
15438
15438
15439
15444
15445
15447
15449
15450
15450
15464
15467
15470
15470
15472
15473
15474
15474
15476
15484
15485
15494
15498
15498
15499
15503
15504
15506
15507
15508
15510
15510
15515
15520
15522
15524
15525
15526
15528
15530
15530
15531
15535
15536
15540
15540
15545
15550
15552
15553
15553
15553
15555
15556
15556
15560
15562
15563
15565
15565
15566
15570
15572
15576
15576
15578
15578
15597
15598
15601
15604
15606
15607
15607
15608
15609
15615
15618
15619
15621
15622
15622
15629
15642
15643
15652
15659
15661
15663
15667
15673
15676
15678
15679
15679
15683
15684
15689
15695
15695
15695
15695
15700
15703
15703
15706
15707
15710
15713
15713
15714
15715
15718
15719
15724
15724
15731
15731
15733
15734
15737
15739
15741
15741
15750
15751
15754
15756
15761
15766
15766
15770
15780
15781
15781
15784
15786
15787
15789
15789
15793
15802
15807
15810
15816
15824
15826
15830
15841
15842
15846
15854
15854
15854
15855
15858
15862
15864
15873
15874
15877
15877
15878
15880
15880
15881
15884
15887
15890
15890
15891
15896
15901
15905
15906
15908
15911
15919
15923
15929
15932
15933
15935
15940
15943
15947
15949
15954
15956
15958
15961
15964
15967
15970
15977
15977
15978
15980
15981
15982
15984
15986
15986
15987
15990
15998
16004
16006
16009
16009
16012
16017
16020
16020
16023
16025
16033
16038
16042
16045
16053
16053
16055
16056
16062
16062
16066
16066
16066
16071
16073
16074
16078
16083
16083
16090
16094
16095
16107
16108
16109
16115
16117
16128
16130
16135
16137
16137
16142
16149
16151
16162
16162
16163
16164
16170
16174
16174
16177
16178
16186
16186
16188
16188
16192
16197
16199
16200
16204
16205
16205
16206
16207
16208
16209
16210
16214
16216
16218
16221
16227
16234
16235
16236
16240
16246
16249
16250
16252
16253
16256
16264
16264
16265
16267
16271
16275
16280
16282
16284
16285
16287
16300
16300
16301
16301
16301
16303
16304
16305
16306
16309
16309
16311
16311
16314
16315
16317
16322
16327
16329
16334
16335
16336
16336
16338
16339
16339
16341
16353
16354
16355
16357
16367
16371
16374
16379
16384
16385
16386
16391
16396
16397
16398
16402
16404
16404
16405
16406
16407
16408
16409
16409
16415
16418
16418
16422
16424
16425
16429
16432
16436
16439
16441
16452
16454
16454
16455
16461
16464
16465
16465
16465
16471
16473
16477
16478
16482
16482
16492
16497
16500
16501
16502
16515
16516
16520
16522
16523
16524
16527
16528
16531
16533
16536
16551
16559
16568
16571
16571
16572
16578
16579
16581
16583
16590
16593
16594
16594
16597
16601
16602
16603
16609
16613
16615
16632
16633
16633
16642
16645
16647
16647
16648
16650
16651
16652
16654
16658
16659
16662
16666
16667
16668
16668
16668
16669
16672
16674
16680
16681
16682
16682
16683
16684
16694
16699
16701
16705
16707
16717
16717
16719
16719
16721
16723
16724
16726
16733
16736
16742
16744
16746
16747
16751
16754
16758
16759
16762
16766
16769
16770
16771
16773
16780
16783
16790
16791
16795
16797
16805
16805
16811
16812
16813
16813
16820
16825
16828
16838
16838
16842
16842
16843
16846
16846
16846
16847
16848
16849
16855
16855
16856
16856
16858
16860
16866
16868
16876
16880
16885
16888
16888
16892
16898
16898
16903
16908
16908
16909
16914
16916
16919
16920
16929
16932
16934
16935
16936
16936
16937
16939
16943
16945
16946
16946
16949
16952
16959
16962
16964
16965
16966
16968
16969
16980
16982
16983
16984
16985
16986
16996
16999
17002
17002
17004
17004
17005
17006
17007
17008
17012
17012
17022
17023
17024
17027
17029
17029
17037
17037
17039
17040
17040
17042
17042
17043
17054
17056
17058
17062
17063
17063
17063
17063
17065
17070
17071
17077
17081
17082
17085
17089
17089
17090
17092
17092
17093
17094
17094
17097
17097
17100
17103
17107
17108
17110
17121
17125
17126
17127
17133
17136
17140
17141
17147
17149
17161
17162
17162
17163
17164
17164
17166
17168
17168
17173
17175
17187
17196
17196
17199
17203
17207
17207
17209
17209
17210
17217
17220
17222
17223
17223
17226
17228
17228
17232
17249
17250
17251
17251
17253
17254
17254
17255
17255
17262
17263
17265
17270
17271
17273
17275
17278
17278
17280
17283
17286
17286
17289
17291
17294
17297
17297
17298
17301
17307
17309
17313
17314
17320
17323
17323
17324
17327
17328
17333
17334
17335
17336
17338
17339
17340
17341
17344
17351
17352
17359
17361
17362
17364
17365
17368
17368
17370
17372
17372
17376
17377
17377
17384
17384
17385
17385
17385
17390
17393
17395
17395
17396
17397
17406
17406
17407
17409
17415
17420
17422
17423
17424
17429
17434
17441
17449
17452
17459
17467
17469
17471
17473
17474
17474
17478
17485
17489
17493
17496
17502
17503
17506
17510
17512
17513
17518
17525
17528
17529
17530
17532
17532
17536
17536
17541
17542
17544
17550
17551
17553
17558
17561
17562
17562
17565
17565
17574
17584
17587
17591
17595
17610
17611
17621
17623
17626
17628
17628
17638
17643
17645
17646
17646
17650
17652
17654
17655
17662
17671
17672
17672
17674
17678
17679
17681
17683
17684
17685
17687
17690
17692
17692
17700
17701
17701
17703
17703
17703
17704
17706
17707
17722
17724
17724
17728
17729
17731
17733
17734
17736
17737
17739
17739
17755
17755
17757
17760
17762
17763
17765
17766
17775
17779
17779
17783
17784
17792
17803
17814
17824
17825
17826
17830
17830
17834
17836
17838
17841
17841
17844
17844
17845
17847
17848
17851
17851
17852
17857
17857
17858
17859
17861
17873
17875
17881
17881
17885
17890
17894
17895
17895
17896
17898
17900
17902
17902
17908
17911
17928
17930
17932
17937
17939
17940
17942
17947
17947
17950
17957
17958
17959
17964
17966
17973
17974
17979
17983
17987
17993
17996
17998
17998
17999
18001
18001
18002
18004
18004
18005
18008
18010
18013
18014
18016
18018
18018
18025
18028
18032
18034
18035
18040
18042
18053
18060
18063
18066
18067
18067
18067
18070
18074
18076
18076
18083
18087
18087
18088
18089
18093
18094
18100
18102
18104
18106
18110
18110
18111
18112
18114
18117
18119
18121
18127
18131
18134
18134
18134
18138
18143
18146
18147
18156
18157
18167
18168
18170
18171
18174
18175
18176
18183
18189
18190
18190
18193
18196
18196
18199
18199
18202
18203
18205
18207
18219
18228
18230
18230
18233
18241
18242
18249
18255
18257
18260
18261
18261
18262
18262
18263
18271
18271
18275
18283
18287
18289
18292
18304
18307
18308
18309
18311
18312
18314
18318
18319
18321
18324
18324
18325
18326
18328
18329
18331
18332
18334
18337
18341
18357
18364
18367
18369
18369
18370
18371
18380
18389
18391
18393
18394
18397
18402
18407
18408
18409
18410
18412
18413
18413
18418
18421
18421
18423
18424
18432
18436
18441
18443
18444
18448
18453
18456
18458
18458
18460
18465
18468
18468
18468
18470
18471
18478
18482
18485
18487
18488
18488
18495
18497
18498
18500
18502
18504
18505
18506
18507
18509
18510
18511
18515
18517
18520
18523
18523
18527
18531
18540
18543
18549
18551
18557
18557
18558
18561
18565
18566
18567
18568
18571
18580
18582
18587
18589
18589
18592
18595
18601
18601
18602
18616
18617
18621
18636
18636
18636
18638
18638
18639
18650
18656
18658
18658
18662
18663
18667
18671
18671
18676
18682
18689
18698
18704
18706
18708
18710
18711
18713
18718
18720
18722
18726
18726
18727
18743
18743
18746
18751
18752
18753
18758
18758
18761
18765
18769
18779
18783
18787
18794
18797
18802
18802
18802
18803
18808
18809
18811
18817
18821
18826
18833
18834
18835
18837
18839
18845
18850
18856
18858
18865
18866
18868
18869
18886
18888
18889
18890
18892
18894
18896
18904
18914
18920
18921
18928
18930
18935
18953
18957
18957
18973
18976
18977
18978
18979
18982
18984
18991
18995
18996
18999
18999
19006
19008
19015
19021
19024
19025
19025
19029
19038
19043
19047
19053
19055
19060
19062
19063
19067
19070
19079
19080
19080
19089
19091
19092
19095
19098
19098
19100
19103
19105
19107
19108
19112
19112
19112
19112
19119
19121
19124
19125
19127
19133
19134
19138
19139
19142
19142
19144
19149
19156
19156
19157
19168
19170
19181
19188
19201
19205
19205
19207
19208
19210
19211
19212
19213
19214
19214
19215
19217
19218
19222
19224
19224
19227
19234
19235
19235
19238
19241
19242
19242
19245
19245
19252
19252
19255
19259
19263
19268
19270
19273
19274
19275
19278
19288
19289
19291
19298
19301
19302
19303
19310
19313
19320
19321
19322
19322
19322
19324
19329
19330
19333
19337
19341
19344
19349
19351
19354
19368
19378
19380
19382
19382
19383
19388
19388
19389
19407
19408
19412
19414
19420
19426
19427
19428
19431
19438
19439
19440
19445
19454
19454
19461
19462
19464
19466
19467
19473
19475
19477
19478
19479
19480
19480
19482
19487
19490
19494
19496
19498
19498
19499
19503
19503
19507
19515
19516
19523
19525
19526
19529
19535
19536
19537
19538
19539
19540
19540
19540
19545
19545
19547
19549
19554
19554
19556
19559
19563
19576
19579
19580
19592
19592
19598
19599
19600
19601
19613
19615
19616
19616
19627
19628
19628
19629
19633
19633
19639
19643
19644
19646
19655
19656
19656
19660
19663
19669
19672
19674
19678
19690
19695
19703
19714
19714
19719
19727
19728
19732
19733
19733
19740
19741
19745
19745
19745
19747
19750
19755
19760
19761
19763
19764
19765
19770
19777
19780
19780
19780
19781
19781
19787
19788
19788
19789
19792
19794
19795
19797
19798
19802
19805
19806
19806
19811
19818
19818
19820
19827
19831
19836
19837
19837
19840
19840
19840
19842
19847
19851
19852
19861
19864
19867
19872
19874
19875
19876
19877
19877
19883
19885
19887
19892
19893
19894
19895
19896
19902
19904
19905
19906
19912
19914
19916
19916
19918
19919
19919
19921
19922
19923
19927
19928
19932
19933
19937
19938
19941
19943
19943
19946
19950
19953
19954
19961
19962
19962
19963
19968
19969
19971
19971
19974
19977
19983
19984
19986
19989
19995
20001
20009
20014
20016
20024
20025
20026
20027
20033
20048
20051
20052
20055
20059
20064
20064
20065
20067
20068
20068
20072
20076
20077
20080
20080
20087
20090
20090
20094
20098
20104
20106
20108
20108
20109
20110
20114
20118
20120
20122
20124
20133
20137
20138
20140
20141
20143
20143
20145
20146
20147
20149
20151
20152
20161
20162
20162
20170
20172
20180
20184
20194
20196
20197
20200
20202
20207
20210
20212
20215
20215
20216
20217
20217
20221
20221
20222
20223
20223
20224
20224
20229
20233
20240
20242
20252
20257
20258
20267
20268
20268
20271
20272
20274
20277
20281
20282
20292
20294
20302
20303
20304
20306
20313
20316
20318
20320
20324
20325
20328
20332
20333
20334
20342
20351
20358
20358
20359
20361
20362
20362
20367
20372
20377
20379
20389
20392
20393
20395
20410
20416
20420
20423
20424
20425
20426
20426
20426
20431
20442
20443
20443
20444
20445
20445
20445
20455
20456
20457
20458
20466
20466
20468
20469
20471
20471
20474
20476
20478
20481
20482
20484
20497
20497
20504
20514
20514
20518
20520
20521
20522
20522
20524
20525
20525
20525
20525
20527
20528
20537
20538
20538
20547
20547
20548
20549
20558
20563
20564
20569
20571
20571
20573
20579
20585
20588
20588
20591
20594
20597
20597
20597
20600
20601
20602
20604
20604
20606
20606
20610
20610
20614
20617
20620
20623
20633
20634
20638
20639
20640
20643
20644
20646
20646
20646
20651
20652
20653
20654
20656
20656
20661
20666
20666
20678
20679
20682
20688
20689
20690
20691
20695
20696
20696
20697
20704
20706
20707
20708
20712
20719
20721
20729
20739
20740
20741
20742
20744
20750
20751
20752
20758
20760
20763
20767
20768
20772
20772
20783
20785
20791
20797
20797
20803
20804
20807
20811
20813
20815
20816
20818
20819
20820
20820
20821
20833
20834
20834
20841
20843
20846
20853
20855
20855
20856
20858
20861
20862
20867
20868
20870
20872
20874
20876
20879
20883
20889
20890
20897
20899
20899
20904
20904
20904
20904
20906
20906
20916
20919
20920
20929
20931
20932
20933
20939
20939
20939
20942
20948
20950
20957
20959
20960
20962
20964
20965
20966
20966
20976
20977
20979
20983
20985
20989
20989
20991
20991
20993
20994
20995
21000
21001
21012
21019
21024
21026
21028
21031
21036
21041
21044
21045
21054
21055
21062
21064
21071
21071
21072
21072
21075
21076
21081
21081
21082
21084
21089
21091
21093
21094
21096
21097
21102
21103
21105
21110
21112
21114
21115
21115
21116
21120
21122
21126
21134
21134
21134
21139
21141
21147
21148
21151
21151
21151
21154
21159
21159
21160
21164
21164
21166
21167
21169
21170
21171
21174
21174
21177
21178
21181
21189
21200
21201
21201
21202
21203
21206
21206
21207
21213
21214
21215
21219
21221
21223
21223
21234
21237
21240
21240
21244
21248
21250
21251
21254
21261
21267
21282
21283
21283
21286
21288
21290
21291
21291
21300
21302
21302
21303
21309
21310
21310
21311
21312
21314
21318
21326
21333
21336
21338
21346
21346
21347
21348
21349
21352
21355
21365
21365
21370
21371
21377
21380
21380
21383
21385
21385
21386
21388
21400
21401
21403
21404
21405
21408
21409
21409
21414
21414
21416
21423
21424
21426
21433
21433
21434
21435
21450
21450
21453
21456
21456
21460
21469
21472
21473
21474
21476
21481
21485
21486
21493
21496
21499
21501
21504
21504
21505
21511
21511
21512
21513
21514
21516
21517
21520
21522
21522
21528
21530
21538
21541
21541
21542
21547
21549
21550
21554
21557
21560
21562
21565
21571
21574
21580
21580
21586
21588
21600
21600
21601
21603
21614
21619
21623
21629
21643
21653
21658
21658
21661
21661
21662
21664
21668
21678
21684
21686
21687
21687
21688
21689
21698
21698
21701
21703
21711
21715
21718
21719
21720
21726
21731
21732
21735
21736
21737
21741
21751
21753
21753
21754
21755
21759
21760
21763
21768
21770
21770
21770
21770
21782
21784
21785
21785
21794
21815
21818
21819
21821
21824
21827
21828
21831
21831
21836
21842
21846
21847
21848
21850
21854
21857
21860
21861
21864
21864
21864
21867
21868
21873
21874
21875
21875
21877
21878
21882
21884
21885
21891
21891
21891
21894
21896
21900
21906
21917
21918
21923
21925
21928
21928
21929
21930
21933
21938
21946
21953
21954
21960
21961
21965
21967
21967
21969
21974
21975
21977
21983
21985
21988
21990
21993
21998
22002
22003
22004
22009
22012
22016
22017
22019
22019
22025
22025
22030
22031
22031
22039
22040
22055
22056
22061
22065
22066
22067
22069
22085
22088
22091
22095
22096
22097
22097
22100
22103
22106
22107
22107
22109
22111
22113
22114
22118
22118
22119
22120
22120
22122
22126
22127
22139
22141
22142
22142
22145
22145
22148
22148
22150
22155
22159
22165
22165
22170
22173
22175
22175
22176
22181
22189
22192
22193
22197
22200
22203
22205
22206
22216
22224
22227
22228
22231
22239
22241
22243
22249
22251
22255
22255
22256
22257
22258
22260
22261
22263
22265
22272
22277
22284
22289
22291
22292
22293
22295
22298
22303
22304
22308
22309
22319
22325
22326
22327
22328
22331
22331
22332
22333
22339
22344
22345
22356
22363
22372
22374
22375
22396
22397
22400
22409
22410
22416
22419
22423
22423
22426
22431
22431
22433
22446
22450
22450
22451
22455
22457
22458
22464
22464
22465
22472
22476
22483
22494
22495
22500
22502
22505
22505
22505
22507
22508
22510
22513
22515
22517
22522
22526
22526
22526
22528
22529
22535
22540
22540
22541
22544
22547
22548
22549
22549
22551
22555
22556
22561
22565
22567
22568
22571
22578
22578
22579
22579
22584
22585
22587
22591
22595
22596
22599
22604
22606
22609
22610
22613
22614
22617
22618
22618
22621
22623
22624
22628
22629
22630
22631
22633
22633
22637
22644
22648
22649
22650
22652
22655
22655
22657
22660
22662
22665
22666
22667
22672
22677
22680
22681
22682
22686
22695
22699
22701
22703
22707
22711
22711
22713
22725
22726
22728
22736
22741
22741
22745
22746
22748
22748
22750
22752
22755
22757
22760
22760
22760
22763
22764
22765
22768
22773
22776
22776
22784
22788
22788
22790
22792
22794
22794
22794
22799
22799
22800
22800
22802
22811
22814
22824
22826
22830
22832
22840
22841
22847
22852
22853
22861
22861
22868
22873
22874
22879
22880
22883
22886
22889
22894
22902
22903
22916
22917
22920
22930
22938
22939
22944
22947
22954
22959
22959
22963
22966
22968
22976
22977
22979
22982
22985
22986
22988
22994
22996
22999
23000
23002
23003
23005
23007
23008
23008
23012
23018
23024
23025
23026
23026
23027
23029
23032
23034
23040
23041
23043
23044
23044
23046
23061
23061
23064
23065
23066
23067
23069
23073
23084
23085
23092
23094
23094
23095
23099
23101
23105
23108
23108
23110
23116
23117
23123
23125
23133
23136
23137
23138
23139
23152
23154
23155
23161
23166
23170
23173
23174
23186
23189
23210
23211
23212
23214
23221
23222
23223
23225
23227
23232
23236
23238
23238
23240
23243
23243
23243
23244
23245
23248
23253
23253
23254
23257
23261
23268
23268
23269
23271
23271
23273
23283
23292
23301
23308
23309
23315
23315
23318
23319
23325
23326
23327
23329
23338
23340
23341
23341
23344
23346
23351
23353
23357
23363
23363
23367
23373
23375
23378
23378
23378
23379
23383
23385
23387
23388
23403
23407
23407
23409
23409
23409
23414
23414
23415
23417
23417
23434
23435
23435
23438
23440
23441
23448
23451
23451
23454
23456
23461
23462
23468
23468
23473
23477
23487
23487
23494
23499
23506
23508
23514
23520
23523
23524
23525
23526
23527
23534
23539
23540
23541
23545
23548
23558
23567
23575
23581
23581
23587
23587
23589
23589
23593
23594
23596
23598
23602
23609
23613
23614
23615
23617
23624
23626
23628
23629
23632
23633
23637
23645
23648
23659
23660
23660
23665
23670
23673
23678
23681
23685
23687
23698
23699
23700
23704
23707
23709
23711
23714
23715
23718
23719
23720
23721
23723
23727
23727
23736
23738
23741
23760
23760
23766
23769
23771
23773
23775
23776
23782
23783
23787
23787
23789
23791
23798
23800
23803
23805
23809
23813
23815
23816
23831
23836
23837
23839
23839
23840
23841
23841
23848
23852
23853
23854
23856
23856
23857
23859
23867
23872
23873
23875
23880
23889
23892
23898
23906
23906
23906
23907
23909
23912
23913
23915
23919
23920
23922
23924
23930
23931
23938
23939
23942
23943
23944
23947
23947
23950
23953
23955
23955
23955
23957
23958
23959
23960
23963
23967
23967
23973
23973
23976
23976
23979
23979
23979
23982
24002
24002
24013
24014
24016
24016
24021
24021
24032
24034
24042
24050
24052
24063
24065
24073
24074
24075
24078
24082
24089
24089
24093
24095
24095
24096
24097
24098
24112
24115
24115
24116
24117
24117
24123
24130
24131
24137
24140
24146
24150
24154
24154
24156
24156
24161
24166
24166
24167
24167
24168
24173
24182
24183
24185
24187
24189
24190
24194
24208
24210
24210
24214
24214
24215
24215
24216
24223
24229
24231
24235
24235
24239
24239
24240
24241
24244
24245
24246
24250
24250
24254
24257
24258
24261
24264
24266
24267
24272
24277
24282
24282
24283
24287
24289
24289
24296
24301
24305
24308
24309
24310
24311
24312
24314
24316
24317
24323
24325
24328
24332
24332
24333
24335
24337
24339
24343
24346
24348
24349
24353
24355
24362
24364
24365
24368
24369
24370
24374
24375
24376
24386
24387
24400
24403
24404
24406
24411
24412
24413
24420
24430
24435
24437
24438
24446
24447
24447
24448
24450
24456
24457
24461
24462
24467
24469
24471
24471
24472
24473
24474
24475
24478
24480
24480
24483
24485
24485
24491
24494
24498
24508
24512
24512
24521
24522
24523
24524
24530
24538
24544
24548
24550
24554
24555
24556
24557
24557
24560
24561
24568
24580
24581
24584
24590
24592
24593
24594
24594
24595
24595
24596
24597
24598
24609
24611
24615
24615
24623
24626
24631
24632
24632
24640
24640
24647
24647
24652
24656
24656
24657
24665
24670
24672
24677
24681
24690
24691
24692
24698
24701
24701
24705
24706
24706
24708
24708
24709
24711
24712
24713
24715
24716
24717
24726
24732
24733
24735
24743
24746
24749
24750
24751
24752
24752
24753
24753
24755
24757
24758
24761
24766
24767
24773
24775
24776
24782
24784
24787
24790
24790
24793
24795
24796
24820
24824
24825
24828
24828
24832
24835
24836
24837
24848
24852
24853
24860
24871
24872
24874
24881
24883
24884
24887
24890
24890
24893
24899
24902
24910
24913
24913
24920
24922
24926
24929
24932
24932
24934
24935
24936
24938
24940
24941
24942
24942
24949
24955
24964
24971
24974
24980
24986
24991
24993
24993
24996
24997
24998
24998
25006
25013
25013
25019
25019
25020
25023
25024
25031
25032
25041
25049
25054
25056
25061
25062
25063
25068
25070
25071
25080
25081
25082
25083
25084
25089
25089
25097
25102
25105
25115
25115
25117
25119
25122
25126
25132
25133
25138
25141
25142
25145
25158
25158
25164
25173
25175
25176
25180
25181
25182
25183
25187
25188
25189
25195
25199
25200
25209
25212
25213
25218
25219
25220
25228
25233
25236
25237
25238
25239
25258
25261
25264
25266
25266
25268
25272
25272
25273
25273
25278
25281
25282
25289
25290
25304
25308
25308
25310
25312
25312
25318
25321
25321
25326
25330
25333
25335
25335
25337
25338
25339
25346
25351
25359
25359
25364
25365
25370
25372
25374
25374
25377
25377
25379
25382
25382
25393
25395
25398
25399
25403
25408
25409
25410
25417
25418
25423
25424
25424
25425
25432
25438
25439
25441
25441
25441
25443
25444
25446
25447
25447
25448
25452
25458
25460
25464
25469
25473
25475
25479
25479
25479
25485
25485
25485
25489
25492
25495
25495
25496
25498
25502
25508
25510
25517
25525
25528
25530
25538
25540
25541
25542
25549
25551
25552
25553
25556
25562
25563
25567
25568
25570
25571
25573
25575
25575
25577
25582
25589
25597
25600
25601
25602
25603
25605
25609
25611
25613
25615
25620
25625
25626
25628
25629
25635
25641
25646
25648
25651
25652
25655
25659
25663
25664
25664
25664
25664
25665
25674
25675
25678
25685
25692
25694
25694
25700
25705
25706
25713
25717
25723
25727
25734
25735
25736
25740
25746
25746
25753
25754
25761
25764
25766
25769
25769
25772
25778
25781
25785
25793
25794
25796
25796
25799
25811
25822
25825
25832
25833
25833
25834
25834
25837
25839
25843
25845
25848
25862
25867
25873
25883
25883
25887
25893
25895
25898
25901
25903
25906
25910
25916
25920
25931
25937
25938
25940
25942
25943
25944
25946
25958
25972
25973
25976
25977
25979
25981
25983
25984
25986
25988
25989
25997
26002
26007
26010
26015
26018
26023
26030
26031
26034
26038
26041
26047
26047
26048
26049
26050
26052
26055
26058
26063
26065
26067
26071
26074
26080
26082
26082
26084
26086
26087
26088
26089
26090
26090
26093
26094
26095
26096
26103
26107
26114
26115
26120
26121
26121
26123
26129
26137
26139
26140
26144
26147
26149
26151
26151
26156
26159
26159
26162
26162
26166
26167
26171
26173
26182
26183
26187
26188
26189
26190
26192
26195
26196
26197
26199
26201
26204
26204
26207
26209
26211
26214
26216
26218
26225
26228
26228
26239
26246
26247
26249
26255
26256
26259
26260
26260
26260
26261
26267
26269
26272
26275
26276
26288
26301
26304
26309
26313
26318
26318
26320
26327
26329
26329
26330
26331
26332
26336
26340
26345
26348
26352
26353
26354
26355
26356
26358
26360
26363
26366
26367
26369
26370
26373
26375
26377
26380
26380
26381
26389
26390
26391
26406
26409
26412
26415
26415
26416
26428
26437
26439
26440
26441
26444
26456
26459
26460
26462
26464
26464
26465
26466
26470
26471
26473
26474
26476
26490
26491
26498
26509
26515
26522
26523
26529
26531
26533
26541
26543
26544
26547
26547
26557
26561
26562
26568
26571
26573
26573
26578
26579
26581
26590
26593
26594
26599
26599
26600
26604
26604
26605
26608
26614
26615
26618
26630
26631
26631
26635
26638
26641
26645
26647
26649
26651
26652
26657
26659
26661
26664
26666
26667
26667
26672
26673
26674
26676
26682
26683
26686
26687
26691
26692
26693
26694
26694
26696
26697
26698
26699
26701
26703
26704
26708
26710
26711
26716
26717
26721
26725
26729
26730
26731
26733
26734
26737
26747
26752
26764
26766
26767
26772
26774
26778
26783
26783
26789
26790
26791
26792
26795
26795
26797
26803
26803
26804
26806
26807
26809
26809
26814
26814
26816
26816
26818
26818
26821
26823
26823
26829
26838
26841
26845
26848
26857
26858
26859
26861
26863
26863
26864
26864
26867
26871
26878
26880
26882
26883
26886
26887
26888
26892
26893
26896
26910
26918
26919
26928
26931
26942
26943
26945
26949
26956
26956
26958
26958
26972
26973
26985
26986
26988
26992
26997
26997
26998
27001
27009
27010
27012
27017
27019
27026
27027
27028
27033
27038
27038
27042
27046
27053
27061
27063
27065
27066
27068
27068
27079
27081
27081
27094
27107
27109
27111
27113
27116
27118
27119
27126
27133
27133
27138
27140
27142
27143
27146
27148
27150
27150
27155
27155
27156
27157
27160
27164
27165
27166
27174
27175
27178
27193
27196
27196
27199
27203
27206
27207
27213
27214
27216
27216
27217
27218
27227
27230
27231
27231
27236
27237
27240
27242
27249
27254
27255
27262
27266
27269
27275
27275
27278
27283
27289
27291
27296
27297
27298
27298
27301
27302
27304
27305
27308
27308
27313
27313
27316
27322
27324
27324
27324
27326
27327
27331
27348
27348
27350
27355
27361
27365
27370
27373
27376
27380
27380
27384
27385
27390
27391
27393
27414
27414
27416
27417
27421
27423
27423
27434
27436
27437
27440
27443
27448
27450
27452
27453
27455
27462
27468
27469
27470
27472
27473
27485
27486
27489
27490
27490
27491
27491
27492
27500
27503
27507
27508
27509
27510
27511
27516
27518
27521
27521
27523
27526
27533
27534
27535
27538
27538
27539
27542
27542
27544
27545
27545
27546
27549
27556
27559
27560
27562
27567
27569
27573
27574
27576
27581
27591
27592
27593
27594
27595
27598
27603
27605
27606
27608
27612
27613
27616
27618
27620
27633
27639
27643
27644
27645
27646
27647
27647
27647
27648
27648
27673
27687
27687
27688
27690
27692
27695
27695
27695
27698
27705
27707
27709
27713
27715
27720
27723
27723
27725
27726
27726
27728
27731
27733
27735
27735
27744
27745
27750
27754
27755
27758
27759
27759
27760
27768
27769
27770
27773
27773
27775
27776
27779
27786
27787
27791
27791
27792
27794
27796
27802
27805
27810
27811
27816
27822
27824
27825
27827
27831
27833
27841
27842
27842
27844
27847
27848
27849
27852
27854
27860
27861
27869
27878
27879
27881
27881
27885
27885
27888
27888
27889
27889
27891
27893
27893
27894
27894
27895
27898
27903
27913
27914
27916
27920
27933
27934
27938
27940
27943
27945
27948
27953
27954
27956
27957
27957
27959
27959
27960
27963
27964
27965
27966
27967
27975
27979
27988
27989
27992
27993
28002
28010
28012
28015
28017
28019
28024
28028
28028
28028
28030
28032
28037
28048
28049
28049
28053
28060
28060
28061
28063
28065
28066
28067
28074
28075
28089
28090
28095
28096
28107
28107
28108
28114
28118
28118
28119
28119
28120
28120
28120
28120
28121
28124
28126
28130
28137
28140
28141
28144
28144
28146
28150
28151
28152
28154
28155
28156
28161
28166
28168
28173
28174
28178
28180
28180
28181
28184
28189
28190
28194
28195
28200
28201
28202
28208
28209
28209
28210
28211
28211
28219
28219
28224
28229
28229
28231
28232
28233
28235
28235
28238
28245
28245
28252
28253
28256
28256
28259
28260
28261
28270
28276
28278
28279
28279
28281
28282
28282
28284
28284
28286
28292
28296
28300
28300
28302
28303
28304
28305
28309
28310
28312
28312
28313
28314
28315
28315
28320
28323
28333
28334
28338
28339
28342
28346
28350
28351
28351
28352
28356
28360
28361
28363
28364
28365
28368
28369
28372
28376
28388
28391
28393
28398
28401
28401
28403
28408
28410
28417
28418
28418
28421
28427
28427
28432
28433
28434
28442
28444
28446
28451
28451
28455
28459
28460
28461
28470
28471
28472
28474
28476
28480
28487
28488
28490
28490
28493
28493
28496
28497
28498
28499
28500
28501
28502
28503
28504
28506
28508
28512
28512
28512
28517
28522
28526
28527
28528
28529
28530
28533
28538
28541
28543
28550
28550
28568
28568
28569
28576
28577
28579
28584
28586
28590
28594
28596
28600
28601
28604
28604
28604
28605
28605
28612
28613
28616
28617
28619
28620
28627
28630
28632
28635
28635
28636
28637
28641
28643
28644
28648
28650
28653
28655
28659
28662
28667
28667
28669
28672
28673
28673
28680
28683
28693
28699
28699
28705
28705
28709
28712
28714
28718
28725
28726
28726
28735
28736
28736
28739
28743
28747
28752
28753
28757
28758
28761
28761
28767
28770
28771
28778
28780
28787
28791
28793
28796
28798
28798
28800
28802
28804
28805
28809
28812
28817
28820
28820
28830
28831
28832
28833
28840
28842
28845
28846
28846
28849
28849
28853
28856
28861
28868
28872
28875
28878
28885
28886
28893
28895
28908
28909
28909
28910
28911
28911
28913
28915
28915
28916
28917
28924
28931
28931
28932
28935
28939
28940
28942
28946
28949
28950
28952
28953
28960
28962
28963
28963
28968
28970
28972
28976
28977
28978
28981
28985
28988
28997
29000
29000
29001
29002
29008
29013
29014
29015
29016
29019
29027
29027
29032
29039
29041
29041
29044
29045
29046
29049
29051
29056
29056
29058
29071
29078
29091
29092
29093
29094
29100
29103
29104
29116
29118
29118
29122
29125
29129
29129
29137
29138
29140
29142
29142
29145
29145
29152
29160
29164
29169
29170
29174
29178
29179
29182
29184
29185
29187
29188
29195
29200
29205
29213
29216
29218
29219
29223
29227
29233
29238
29240
29241
29242
29244
29250
29254
29256
29259
29262
29268
29271
29275
29275
29278
29288
29298
29303
29307
29314
29315
29316
29324
29328
29331
29331
29333
29341
29343
29350
29350
29351
29354
29357
29360
29360
29365
29370
29370
29371
29372
29372
29372
29373
29379
29381
29383
29385
29385
29388
29388
29391
29391
29391
29401
29404
29408
29416
29418
29419
29423
29425
29436
29436
29437
29438
29438
29439
29440
29447
29450
29450
29451
29454
29457
29457
29459
29460
29465
29476
29485
29488
29488
29489
29491
29492
29504
29504
29505
29505
29510
29510
29516
29519
29524
29530
29534
29534
29541
29545
29548
29552
29554
29564
29565
29567
29570
29578
29578
29579
29582
29587
29589
29590
29591
29594
29596
29600
29615
29615
29617
29617
29620
29624
29635
29649
29650
29658
29664
29669
29670
29672
29675
29676
29677
29677
29682
29684
29689
29694
29696
29697
29710
29711
29712
29716
29716
29718
29735
29736
29738
29741
29743
29745
29746
29748
29749
29749
29750
29751
29752
29754
29758
29759
29759
29761
29762
29763
29766
29769
29769
29778
29778
29779
29779
29779
29784
29784
29793
29799
29800
29811
29813
29814
29815
29816
29818
29819
29819
29820
29821
29821
29825
29828
29829
29837
29838
29841
29845
29851
29861
29861
29862
29865
29866
29869
29874
29877
29878
29880
29880
29884
29888
29889
29895
29896
29898
29899
29901
29909
29914
29917
29919
29920
29922
29922
29927
29930
29935
29937
29939
29943
29955
29964
29964
29967
29967
29968
29969
29977
29977
29980
29989
29998
29998
29998
29998
29999
