19561
9538
17548
8882
21008
13193
20530
8212
112
18569
16045
9558
5090
21197
4758
15372
14860
15617
29484
9808
21354
11877
8163
189
12552
26108
27523
19624
5708
4561
15097
25269
14099
8997
10503
11459
22191
1033
19672
28655
25955
5717
8213
1045
3266
19323
22769
18126
4940
22253
4287
26294
10482
12450
26484
29387
8559
359
25363
14267
11273
10461
15888
25372
19458
26391
6832
11649
3776
2856
16656
29731
14925
1221
7128
18192
20545
29897
12670
25485
22150
16957
21780
8985
29408
24616
8372
14319
1327
3735
4938
12600
20548
20826
14325
10007
23569
27509
28008
27345
365
14665
3429
15290
15886
10557
9834
12783
10455
28857
8269
8957
15814
49
24294
21574
1017
2666
5893
2344
12754
10831
21297
3302
8009
5622
19661
7930
9483
24022
11628
9848
15039
15057
1490
7277
1966
17677
20061
12421
16534
28330
27731
8700
4731
22025
275
12100
1044
12520
14444
13798
29704
12093
23452
14065
24067
19466
21996
3550
13488
3624
19750
28527
25033
21241
5804
26999
15270
2217
15773
1804
547
13504
10504
11630
11881
17131
23730
19277
29652
14527
9427
5708
26620
2880
19773
20688
28698
11769
590
12186
15393
20341
17065
10426
17934
29221
7426
3204
1439
23199
5008
1986
13055
21864
19969
1288
8996
13699
20566
15000
28226
29993
20708
24847
9225
10481
21887
7923
22251
22477
26461
13996
12818
13526
24423
752
12748
8201
10308
20539
7752
21668
28877
27159
13533
18846
28447
28881
2546
19013
13881
772
25359
4589
25619
10936
21422
17506
18860
13673
9984
15321
4022
29154
5200
28445
6259
17948
12998
16567
8487
27102
8236
7364
24261
21769
2563
22708
20650
5109
18074
10883
5881
19785
21824
7853
721
13246
25359
19581
3272
11695
11255
7294
17202
16455
12091
23461
10755
25089
10028
25594
28543
18264
9310
22804
16385
11873
21864
13387
16982
16290
24270
29216
6075
22446
7069
6797
5693
8780
2730
15317
26828
20337
22611
14030
6792
4702
7491
23899
6143
23871
19493
4686
18488
28804
3842
4873
17029
25706
24613
4012
11997
25235
3228
18072
17682
10297
1221
29727
25429
10304
15044
22257
641
7655
6287
13786
18709
20130
7685
1204
14002
3531
5890
8842
8687
9732
20067
25716
5438
14680
6080
23787
9916
15660
18212
3950
2309
19433
3677
27739
29737
25073
19996
6731
9080
2636
20517
27789
22766
4554
28993
13120
14437
11235
21962
23124
27319
12030
25193
9109
3062
1273
2897
19330
16934
21109
23280
19243
16894
3309
23334
22984
4734
13331
29715
13814
15967
26584
17955
15085
7490
23300
28206
21928
4535
26520
21404
1854
14902
16597
10964
24317
24223
20213
13647
17509
11322
13280
13104
4568
22941
6439
27552
27676
19770
27267
11490
12089
23851
5798
27174
7694
29098
1732
29622
9986
28253
21026
18192
19507
13976
5508
13824
8199
25721
3824
2060
13395
17104
15164
17964
10045
21603
15516
7721
17725
19136
25564
6166
19339
1362
3341
27033
6812
11425
26655
16798
16030
24034
4991
5538
14362
10499
25714
28913
6221
29538
973
25968
16642
16137
13932
26688
14093
5801
10761
8170
24937
12677
14337
14276
14039
24030
17662
20852
5455
20669
14002
21486
14703
18993
3376
5417
29493
29090
4330
12066
28629
5303
14386
21623
27793
28319
24663
11886
10472
11777
20056
5409
24454
4393
26037
8494
4775
13699
5698
10231
4369
19700
1717
25424
15046
5093
842
20891
10535
5172
9309
15516
10476
23695
7140
14621
22014
8155
26507
2486
19932
22915
14247
14387
3661
10285
29233
8436
23984
11283
18667
4705
983
26736
130
22381
8181
972
13272
18717
12496
22581
10585
22972
22629
17725
13945
20995
25881
10452
29834
15813
9720
14081
6552
13381
718
5785
28169
1055
17068
16837
5760
24404
19925
5890
16785
4459
13214
6410
23176
25711
5343
3761
25035
27972
27839
8981
18968
72
25785
18802
22237
5505
9235
28790
25238
9954
4575
23408
11009
27996
16597
23121
22400
6522
29012
15537
10981
18578
21947
10509
14289
3643
20623
15677
1615
24814
24658
26935
24886
26795
15737
17123
2301
24973
22265
27539
11279
26841
20947
22288
24837
7544
21761
23589
20419
20773
9126
7752
15704
7426
18262
6345
11069
15237
22022
19036
10051
23032
15972
11289
19828
8061
4764
22129
9386
27030
26020
20665
223
23320
19305
1412
7216
11067
25001
27635
8192
10479
11740
23896
17905
6354
6594
28974
21591
28616
18011
7994
28001
3983
19283
17829
18396
24047
16310
27783
21077
18682
18448
27652
12002
14106
29064
19219
25173
24065
23206
3365
4545
4946
3614
28802
11300
10208
27777
9243
15176
22140
17237
13177
2475
12872
7358
20871
13272
23668
18654
10701
12351
13455
8354
705
27561
7418
19924
22734
7836
19483
2451
12381
781
12417
11183
12082
22625
15312
27677
7802
13804
21267
27331
16279
4139
4690
13503
17411
28358
8509
4465
17061
21964
12819
24119
25877
20237
20395
24963
28073
9878
3767
16806
10660
16184
4342
29094
15162
19654
26771
22964
9811
24390
26647
26090
28530
1337
15945
22293
6048
24455
26758
29461
22771
9577
23580
18649
6167
13976
19964
10592
23854
23731
27399
10866
9916
1741
16312
25078
27747
13084
24394
13910
7474
21041
16353
12356
28731
2298
11002
4779
3105
7760
10592
25877
23690
4173
20878
6209
24501
10842
16801
24707
10926
14200
5574
20842
22293
21886
22272
26393
11322
16666
10303
25149
14059
3008
13857
12790
5307
24859
23921
8412
2620
4514
10641
2662
15039
7871
8871
9540
18714
25672
4247
29640
16225
16173
26834
14870
14412
19106
17615
25734
12124
4271
27235
26183
7279
11093
15326
18938
5952
15599
27351
14924
26465
14344
17586
11504
22216
2809
27396
17282
4834
7996
16922
21059
24169
20108
12281
8581
9214
6249
10668
27690
10520
7903
23873
24151
25348
15551
13090
1301
1151
10441
22577
27616
1137
10164
15473
23353
19325
19221
10635
24159
27217
3909
21570
27739
24017
3852
12672
9583
16453
23340
13625
26973
7596
7499
27476
2944
29402
10566
10597
553
27359
3175
4522
28497
19691
26347
21850
15368
15568
8838
9528
12786
12747
1098
10525
13117
11302
23197
29052
27755
22890
12678
1080
6838
26529
28557
16134
25931
9123
26732
2837
12835
6259
13711